<TICKER>,<PER>,<DATE>,<TIME>,<OPEN>,<HIGH>,<LOW>,<CLOSE>,<VOL>,<OPENINT>
ARH,D,20160322,000000,9.96,9.96,9.3774,9.716,9726,0
ARH,D,20160323,000000,9.779,9.779,8.8696,9.591,10498,0
ARH,D,20160324,000000,9.559,9.653,9.559,9.653,2773,0
ARH,D,20160329,000000,9.4651,9.4713,9.4022,9.4713,2952,0
ARH,D,20160330,000000,9.4713,9.716,9.4713,9.71,5552,0
ARH,D,20160331,000000,9.4093,9.672,9.4093,9.672,33,0
ARH,D,20160401,000000,9.623,9.623,9.623,9.623,168,0
ARH,D,20160404,000000,9.623,9.623,9.623,9.623,263,0
ARH,D,20160405,000000,9.623,9.623,9.559,9.559,1767,0
ARH,D,20160406,000000,9.623,9.623,9.4651,9.4651,1124,0
ARH,D,20160407,000000,9.559,9.559,9.4332,9.4332,190,0
ARH,D,20160408,000000,9.4332,9.716,9.4332,9.4403,3743,0
ARH,D,20160411,000000,9.704,9.704,9.704,9.704,1,0
ARH,D,20160412,000000,9.4403,9.634,9.4332,9.634,535,0
ARH,D,20160413,000000,9.616,9.616,9.4403,9.616,420,0
ARH,D,20160414,000000,9.529,9.591,9.529,9.591,1284,0
ARH,D,20160415,000000,9.4022,9.566,9.3401,9.566,2840,0
ARH,D,20160418,000000,9.4093,9.4093,9.3968,9.3968,1347,0
ARH,D,20160419,000000,9.3525,9.3525,9.3286,9.3286,1305,0
ARH,D,20160420,000000,9.3091,9.3091,8.9006,8.9139,2537,0
ARH,D,20160421,000000,9.0894,9.1523,9.0894,9.0894,1105,0
ARH,D,20160422,000000,9.0894,9.3401,9.0894,9.3401,176,0
ARH,D,20160425,000000,9.1523,9.1523,8.9086,8.9086,1611,0
ARH,D,20160426,000000,9.1204,9.529,9.1204,9.529,4650,0
ARH,D,20160427,000000,9.529,9.842,9.529,9.534,12667,0
ARH,D,20160428,000000,9.54,9.54,9.54,9.54,471,0
ARH,D,20160502,000000,9.591,9.591,9.591,9.591,152,0
ARH,D,20160504,000000,9.1833,9.3649,9.1709,9.1709,1860,0
ARH,D,20160506,000000,9.2763,9.71,9.2763,9.3401,1596,0
ARH,D,20160509,000000,9.4022,9.4022,9.4022,9.4022,17,0
ARH,D,20160510,000000,9.4022,9.4465,9.4022,9.4465,1151,0
ARH,D,20160511,000000,9.4146,9.773,9.4146,9.716,4462,0
ARH,D,20160512,000000,9.742,9.742,9.591,9.672,4005,0
ARH,D,20160513,000000,9.653,9.653,9.653,9.653,319,0
ARH,D,20160516,000000,9.691,9.71,9.666,9.71,1404,0
ARH,D,20160517,000000,9.716,9.716,9.686,9.686,2495,0
ARH,D,20160518,000000,9.653,9.653,9.653,9.653,96,0
ARH,D,20160519,000000,9.591,9.716,9.591,9.716,17321,0
ARH,D,20160520,000000,9.773,9.779,9.773,9.779,4461,0
ARH,D,20160523,000000,9.653,9.653,9.591,9.591,1037,0
ARH,D,20160524,000000,9.716,9.779,9.716,9.722,1545,0
ARH,D,20160525,000000,9.779,9.779,9.779,9.779,768,0
ARH,D,20160530,000000,9.716,9.716,9.597,9.716,614,0
ARH,D,20160531,000000,9.686,9.716,9.591,9.716,2582,0
ARH,D,20160601,000000,9.597,9.597,9.4279,9.4279,1494,0
ARH,D,20160602,000000,9.4093,9.779,9.4022,9.779,5760,0
ARH,D,20160603,000000,9.779,9.779,9.779,9.779,126,0
ARH,D,20160606,000000,9.779,9.779,9.529,9.529,546,0
ARH,D,20160607,000000,9.516,9.766,9.516,9.766,1659,0
ARH,D,20160608,000000,9.497,9.591,9.497,9.591,1516,0
ARH,D,20160609,000000,9.591,9.591,9.591,9.591,241,0
ARH,D,20160610,000000,9.529,9.529,9.529,9.529,1596,0
ARH,D,20160614,000000,9.534,9.534,9.4093,9.4093,671,0
ARH,D,20160615,000000,9.4093,9.4093,9.4022,9.4022,629,0
ARH,D,20160616,000000,9.3401,9.3401,9.2143,9.2143,322,0
ARH,D,20160620,000000,9.2143,9.2205,9.2143,9.2143,800,0
ARH,D,20160621,000000,8.9706,8.9706,8.9706,8.9706,64,0
ARH,D,20160622,000000,9.2028,9.3286,9.2028,9.3286,353,0
ARH,D,20160624,000000,8.9706,9.0831,8.4619,9.0521,6756,0
ARH,D,20160627,000000,9.3729,9.3729,9.3065,9.3729,2586,0
ARH,D,20160628,000000,9.3729,9.3729,9.3729,9.3729,631,0
ARH,D,20160629,000000,9.3065,9.707,9.3065,9.701,1061,0
ARH,D,20160630,000000,9.508,9.508,9.508,9.508,5,0
ARH,D,20160701,000000,9.4403,9.4465,9.4403,9.4465,554,0
ARH,D,20160704,000000,9.508,9.508,9.2391,9.2391,3298,0
ARH,D,20160705,000000,9.3065,9.3065,8.9369,8.9369,405,0
ARH,D,20160706,000000,8.905,8.9183,8.905,8.905,1820,0
ARH,D,20160707,000000,8.905,8.9715,8.905,8.9715,2406,0
ARH,D,20160712,000000,9.0317,9.038,9.0317,9.038,644,0
ARH,D,20160713,000000,8.9715,8.9715,8.9715,8.9715,84,0
ARH,D,20160714,000000,8.8439,8.8439,8.8439,8.8439,108,0
ARH,D,20160715,000000,9.0725,9.0725,9.0725,9.0725,112,0
ARH,D,20160718,000000,9.0725,9.0725,8.9183,8.9183,601,0
ARH,D,20160719,000000,8.905,8.905,8.8776,8.8776,1733,0
ARH,D,20160720,000000,8.8971,9.0982,8.8971,9.0982,3451,0
ARH,D,20160721,000000,9.0982,9.0982,8.8439,8.8652,227,0
ARH,D,20160722,000000,9.2187,9.2391,9.2187,9.2391,1186,0
ARH,D,20160725,000000,9.3729,9.707,9.045,9.707,2316,0
ARH,D,20160726,000000,9.707,9.822,9.707,9.822,1554,0
ARH,D,20160727,000000,9.842,9.842,9.822,9.822,151,0
ARH,D,20160728,000000,9.707,9.707,9.707,9.707,151,0
ARH,D,20160729,000000,9.701,10.009,9.701,10.009,563,0
ARH,D,20160801,000000,9.667,9.667,9.667,9.667,151,0
ARH,D,20160804,000000,9.942,9.942,9.942,9.942,36,0
ARH,D,20160808,000000,9.674,9.674,9.674,9.674,456,0
ARH,D,20160809,000000,9.701,9.701,9.701,9.701,151,0
ARH,D,20160810,000000,9.701,9.701,9.667,9.667,298,0
ARH,D,20160811,000000,9.707,9.707,9.707,9.707,284,0
ARH,D,20160812,000000,9.742,10.035,9.742,10.035,1270,0
ARH,D,20160816,000000,9.721,10.035,9.667,10.035,306,0
ARH,D,20160817,000000,9.674,10.035,9.674,10.035,36,0
ARH,D,20160818,000000,10.035,10.035,10.035,10.035,223,0
ARH,D,20160824,000000,9.908,9.908,9.648,9.875,1004,0
ARH,D,20160829,000000,9.641,9.842,9.641,9.842,345,0
ARH,D,20160830,000000,9.681,9.681,9.641,9.641,1008,0
ARH,D,20160831,000000,9.842,10.089,9.707,10.009,11754,0
ARH,D,20160901,000000,10.009,10.03,10.009,10.03,1222,0
ARH,D,20160902,000000,10.009,10.009,9.674,9.976,1026,0
ARH,D,20160905,000000,9.969,9.969,9.674,9.842,666,0
ARH,D,20160906,000000,9.695,9.942,9.695,9.942,1030,0
ARH,D,20160907,000000,9.929,10.044,9.929,10.044,7580,0
ARH,D,20160908,000000,10.035,10.177,9.976,10.177,56349,0
ARH,D,20160909,000000,10.109,10.344,10.044,10.177,81907,0
ARH,D,20160912,000000,9.942,9.942,9.842,9.842,26831,0
ARH,D,20160913,000000,9.842,9.842,9.842,9.842,3269,0
ARH,D,20160914,000000,9.749,9.749,9.749,9.749,29,0
ARH,D,20160915,000000,9.754,10.277,9.749,10.237,14887,0
ARH,D,20160916,000000,10.256,10.277,10.243,10.256,522,0
ARH,D,20160919,000000,10.243,10.277,10.243,10.277,4912,0
ARH,D,20160920,000000,10.177,10.277,10.049,10.109,443,0
ARH,D,20160921,000000,10.123,10.31,10.123,10.277,4585,0
ARH,D,20160923,000000,10.277,10.31,10.277,10.31,869,0
ARH,D,20160926,000000,10.31,10.357,10.009,10.357,3774,0
ARH,D,20160927,000000,10.149,10.357,10.143,10.357,124,0
ARH,D,20160928,000000,10.143,10.357,10.044,10.35,114,0
ARH,D,20160929,000000,10.31,10.444,10.31,10.444,27579,0
ARH,D,20160930,000000,10.444,10.511,10.444,10.511,746,0
ARH,D,20161003,000000,10.511,10.511,10.444,10.444,389,0
ARH,D,20161004,000000,10.444,10.511,10.25,10.39,4723,0
ARH,D,20161006,000000,10.31,10.39,10.31,10.39,298,0
ARH,D,20161007,000000,10.39,10.444,10.39,10.444,569,0
ARH,D,20161010,000000,10.444,10.484,10.21,10.33,18344,0
ARH,D,20161011,000000,10.344,10.344,10.344,10.344,448,0
ARH,D,20161012,000000,10.31,10.31,10.31,10.31,151,0
ARH,D,20161013,000000,10.344,10.491,10.344,10.491,5465,0
ARH,D,20161014,000000,10.378,10.378,10.378,10.378,76,0
ARH,D,20161017,000000,10.243,10.484,10.243,10.378,827,0
ARH,D,20161018,000000,10.378,10.378,10.378,10.378,8632,0
ARH,D,20161019,000000,10.498,10.498,10.491,10.491,165,0
ARH,D,20161021,000000,10.378,10.378,10.378,10.378,306,0
ARH,D,20161024,000000,10.378,10.378,10.243,10.243,1740,0
ARH,D,20161025,000000,10.464,10.464,10.464,10.464,239,0
ARH,D,20161027,000000,10.243,10.378,10.044,10.203,1276,0
ARH,D,20161028,000000,10.21,10.21,10.21,10.21,2,0
ARH,D,20161031,000000,10.21,10.365,10.21,10.365,3696,0
ARH,D,20161103,000000,10.009,10.103,9.982,10.103,1423,0
ARH,D,20161104,000000,10.103,10.29,10.103,10.29,1488,0
ARH,D,20161107,000000,10.044,10.044,10.044,10.044,76,0
ARH,D,20161109,000000,10.109,10.35,10.109,10.35,64,0
ARH,D,20161110,000000,10.044,10.243,10.044,10.044,296,0
ARH,D,20161114,000000,9.942,10.143,9.942,10.044,3340,0
ARH,D,20161115,000000,10.015,10.143,10.015,10.044,464,0
ARH,D,20161116,000000,9.948,9.948,9.942,9.948,345,0
ARH,D,20161117,000000,10.137,10.137,10.137,10.137,21,0
ARH,D,20161118,000000,10.137,10.19,9.908,9.908,3567,0
ARH,D,20161121,000000,9.976,10.044,9.976,10.044,2133,0
ARH,D,20161122,000000,9.848,9.976,9.842,9.976,393,0
ARH,D,20161123,000000,9.935,10.035,9.935,10.035,1143,0
ARH,D,20161124,000000,10.03,10.03,9.842,9.842,644,0
ARH,D,20161125,000000,9.842,9.842,9.842,9.842,85,0
ARH,D,20161128,000000,9.775,10.044,9.775,10.015,1754,0
ARH,D,20161129,000000,10.035,10.044,10.022,10.022,451,0
ARH,D,20161130,000000,10.035,10.035,9.775,10.035,202,0
ARH,D,20161201,000000,10.03,10.03,10.03,10.03,7,0
ARH,D,20161202,000000,10.03,10.03,9.775,9.775,141,0
ARH,D,20161205,000000,10.015,10.015,9.781,9.781,56,0
ARH,D,20161206,000000,9.775,9.775,9.641,9.775,2195,0
ARH,D,20161207,000000,9.674,9.674,9.4403,9.674,965,0
ARH,D,20161208,000000,9.707,9.707,9.707,9.707,495,0
ARH,D,20161212,000000,9.3065,9.742,9.3065,9.742,2292,0
ARH,D,20161213,000000,9.902,10.044,9.902,10.044,7479,0
ARH,D,20161214,000000,10.049,10.277,10.049,10.277,675,0
ARH,D,20161215,000000,10.304,10.478,10.304,10.478,16937,0
ARH,D,20161216,000000,10.498,10.645,10.498,10.511,6780,0
ARH,D,20161219,000000,10.511,10.511,9.976,10.511,2779,0
ARH,D,20161220,000000,10.378,10.378,10.378,10.378,746,0
ARH,D,20161221,000000,10.498,10.498,10.21,10.378,159,0
ARH,D,20161223,000000,10.444,10.444,10.444,10.444,7,0
ARH,D,20161227,000000,10.437,10.437,10.437,10.437,68,0
ARH,D,20161228,000000,10.378,10.378,10.378,10.378,228,0
ARH,D,20161229,000000,10.365,10.365,10.21,10.264,1798,0
ARH,D,20161230,000000,10.21,10.21,10.21,10.21,598,0
ARH,D,20170102,000000,10.21,10.243,10.21,10.21,1897,0
ARH,D,20170103,000000,10.378,10.645,10.044,10.203,9364,0
ARH,D,20170104,000000,10.19,10.19,10.044,10.044,743,0
ARH,D,20170105,000000,10.044,10.044,9.742,9.842,4143,0
ARH,D,20170109,000000,10.109,10.203,10.109,10.203,1778,0
ARH,D,20170110,000000,10.044,10.044,10.044,10.044,12,0
ARH,D,20170111,000000,10.203,10.21,10.203,10.21,1567,0
ARH,D,20170112,000000,10.21,10.444,10.21,10.444,14952,0
ARH,D,20170113,000000,10.437,10.437,10.177,10.184,169,0
ARH,D,20170116,000000,10.444,10.444,10.177,10.243,2037,0
ARH,D,20170117,000000,10.39,10.39,10.39,10.39,2,0
ARH,D,20170118,000000,10.378,10.378,10.378,10.378,2,0
ARH,D,20170119,000000,10.37,10.37,10.184,10.184,465,0
ARH,D,20170120,000000,10.049,10.31,10.044,10.049,7444,0
ARH,D,20170123,000000,9.976,10.31,9.976,10.31,1560,0
ARH,D,20170124,000000,10.31,10.444,9.982,10.444,6929,0
ARH,D,20170125,000000,10.437,10.437,10.049,10.437,6053,0
ARH,D,20170126,000000,10.378,10.378,10.378,10.378,157,0
ARH,D,20170127,000000,10.378,10.378,10.378,10.378,2257,0
ARH,D,20170130,000000,10.491,10.491,10.491,10.491,1680,0
ARH,D,20170131,000000,10.491,10.491,10.444,10.444,1159,0
ARH,D,20170201,000000,10.437,10.437,10.437,10.437,121,0
ARH,D,20170202,000000,10.378,10.378,10.044,10.044,867,0
ARH,D,20170203,000000,10.431,10.431,10.344,10.378,1635,0
ARH,D,20170207,000000,10.378,10.424,10.378,10.424,2064,0
ARH,D,20170208,000000,10.31,10.31,10.31,10.31,25,0
ARH,D,20170209,000000,10.437,10.437,10.31,10.31,612,0
ARH,D,20170210,000000,10.21,10.412,10.21,10.412,1121,0
ARH,D,20170213,000000,10.21,10.412,10.044,10.412,2404,0
ARH,D,20170214,000000,10.044,10.044,10.044,10.044,149,0
ARH,D,20170215,000000,10.049,10.049,10.049,10.049,298,0
ARH,D,20170216,000000,10.056,10.109,10.049,10.049,1068,0
ARH,D,20170217,000000,10.056,10.137,9.627,9.627,9051,0
ARH,D,20170220,000000,10.044,10.044,9.714,10.044,1279,0
ARH,D,20170221,000000,10.044,10.044,10.044,10.044,237,0
ARH,D,20170222,000000,10.044,10.044,10.044,10.044,554,0
ARH,D,20170223,000000,9.875,10.044,9.875,10.044,446,0
ARH,D,20170224,000000,10.044,10.044,9.842,9.842,495,0
ARH,D,20170227,000000,10.035,10.035,9.976,9.982,1565,0
ARH,D,20170228,000000,10.035,10.035,10.035,10.035,37,0
ARH,D,20170301,000000,10.035,10.044,10.035,10.044,1881,0
ARH,D,20170302,000000,10.044,10.044,10.044,10.044,533,0
ARH,D,20170303,000000,10.049,10.109,10.049,10.109,1836,0
ARH,D,20170306,000000,9.982,10.177,9.742,10.177,362,0
ARH,D,20170307,000000,10.044,10.044,10.044,10.044,43,0
ARH,D,20170308,000000,9.908,9.908,9.908,9.908,724,0
ARH,D,20170309,000000,10.044,10.044,10.044,10.044,3,0
ARH,D,20170310,000000,10.03,10.044,10.03,10.044,7859,0
ARH,D,20170313,000000,10.17,10.17,9.749,10.044,3437,0
ARH,D,20170314,000000,10.109,10.109,10.109,10.109,2,0
ARH,D,20170315,000000,10.109,10.109,9.875,9.875,1205,0
ARH,D,20170316,000000,10.076,10.076,9.815,10.044,116,0
ARH,D,20170317,000000,10.076,10.076,10.044,10.076,2828,0
ARH,D,20170320,000000,10.109,10.177,9.842,10.177,35403,0
ARH,D,20170322,000000,9.862,10.149,9.862,10.149,320,0
ARH,D,20170323,000000,10.076,10.076,10.076,10.076,133766,0
ARH,D,20170324,000000,10.044,10.044,10.044,10.044,4208,0
ARH,D,20170327,000000,9.996,10.044,9.996,10.044,448,0
ARH,D,20170328,000000,10.002,10.002,9.976,9.976,536,0
ARH,D,20170329,000000,10.056,10.123,10.056,10.123,683,0
ARH,D,20170330,000000,10.123,10.129,10.123,10.129,375,0
ARH,D,20170331,000000,10.129,10.21,10.129,10.21,2647,0
ARH,D,20170404,000000,10.23,10.444,10.23,10.444,12402,0
ARH,D,20170405,000000,10.31,10.31,10.21,10.21,1046,0
ARH,D,20170406,000000,10.451,10.451,10.451,10.451,3,0
ARH,D,20170407,000000,10.451,10.545,10.451,10.484,8603,0
ARH,D,20170410,000000,10.591,10.591,10.591,10.591,448,0
ARH,D,20170411,000000,10.537,10.537,10.444,10.531,157,0
ARH,D,20170412,000000,10.537,11.047,10.537,10.712,30843,0
ARH,D,20170413,000000,10.98,10.98,10.344,10.845,3677,0
ARH,D,20170418,000000,10.679,10.84,10.679,10.84,9699,0
ARH,D,20170419,000000,10.685,10.845,10.685,10.832,7386,0
ARH,D,20170420,000000,10.845,11.047,10.845,11.047,3347,0
ARH,D,20170421,000000,11.207,11.207,11.114,11.18,7061,0
ARH,D,20170424,000000,11.315,11.361,11.315,11.361,2829,0
ARH,D,20170425,000000,11.361,11.361,11.214,11.361,1245,0
ARH,D,20170426,000000,11.361,11.361,11.18,11.347,870,0
ARH,D,20170427,000000,11.315,11.347,11.248,11.248,5540,0
ARH,D,20170428,000000,10.92,11.281,10.712,11.281,4750,0
ARH,D,20170502,000000,11.114,11.288,11.114,11.288,849,0
ARH,D,20170504,000000,11.301,11.301,11.248,11.248,1504,0
ARH,D,20170505,000000,10.98,11.248,10.845,10.94,3054,0
ARH,D,20170508,000000,10.94,10.94,10.845,10.845,746,0
ARH,D,20170509,000000,10.913,10.913,10.149,10.378,7580,0
ARH,D,20170510,000000,10.378,10.378,10.243,10.284,45083,0
ARH,D,20170511,000000,10.31,10.564,10.284,10.559,11349,0
ARH,D,20170512,000000,10.559,10.571,10.559,10.571,2568,0
ARH,D,20170515,000000,10.511,10.578,10.256,10.578,1801,0
ARH,D,20170516,000000,10.39,10.39,10.39,10.39,122,0
ARH,D,20170517,000000,10.591,10.591,10.384,10.584,4680,0
ARH,D,20170518,000000,10.384,10.384,10.384,10.384,1,0
ARH,D,20170519,000000,10.812,10.812,10.39,10.779,84,0
ARH,D,20170522,000000,10.758,11.047,10.645,10.645,37346,0
ARH,D,20170523,000000,11.081,11.147,10.645,11.047,38117,0
ARH,D,20170524,000000,11.047,11.114,10.98,10.98,803,0
ARH,D,20170525,000000,10.98,11.248,10.98,11.248,6283,0
ARH,D,20170526,000000,11.174,11.235,11.147,11.147,2188,0
ARH,D,20170529,000000,11.335,11.341,11.207,11.315,6128,0
ARH,D,20170530,000000,11.336,11.381,11.214,11.214,6600,0
ARH,D,20170601,000000,11.531,11.552,11.531,11.552,284,0
ARH,D,20170602,000000,11.143,11.25,11.039,11.25,5189,0
ARH,D,20170605,000000,11.32,11.461,11.32,11.461,111789,0
ARH,D,20170606,000000,11.461,11.495,11.347,11.495,87730,0
ARH,D,20170607,000000,11.595,11.595,11.39,11.39,2887,0
ARH,D,20170608,000000,11.32,11.706,11.137,11.699,2224,0
ARH,D,20170609,000000,11.699,11.77,11.447,11.762,11069,0
ARH,D,20170612,000000,11.77,11.77,11.531,11.531,438,0
ARH,D,20170613,000000,11.461,11.531,11.369,11.531,1251,0
ARH,D,20170614,000000,11.39,11.524,11.326,11.334,14946,0
ARH,D,20170616,000000,11.39,11.461,11.39,11.461,425,0
ARH,D,20170619,000000,11.461,11.461,11.32,11.32,1361,0
ARH,D,20170620,000000,11.306,11.306,11.25,11.25,859,0
ARH,D,20170621,000000,11.25,11.25,11.25,11.25,100,0
ARH,D,20170622,000000,11.25,11.25,11.25,11.25,495,0
ARH,D,20170626,000000,11.25,11.355,11.25,11.25,851,0
ARH,D,20170627,000000,11.25,11.25,11.25,11.25,212,0
ARH,D,20170628,000000,11.283,11.283,11.283,11.283,112,0
ARH,D,20170629,000000,11.179,11.179,11.179,11.179,4852,0
ARH,D,20170630,000000,11.179,11.179,11.045,11.179,10337,0
ARH,D,20170703,000000,11.003,11.003,10.933,10.933,1158,0
ARH,D,20170704,000000,10.933,10.933,10.898,10.933,943,0
ARH,D,20170705,000000,10.616,11.073,10.616,11.073,406,0
ARH,D,20170707,000000,10.933,10.933,10.898,10.898,3756,0
ARH,D,20170710,000000,10.898,10.898,10.898,10.898,1636,0
ARH,D,20170711,000000,11.039,11.039,10.898,10.898,948,0
ARH,D,20170712,000000,10.898,10.898,10.686,10.686,10167,0
ARH,D,20170713,000000,11.073,11.073,10.968,10.968,28,0
ARH,D,20170714,000000,10.933,10.933,10.933,10.933,284,0
ARH,D,20170718,000000,11.073,11.173,11.073,11.173,667,0
ARH,D,20170719,000000,11.173,11.283,11.173,11.283,301,0
ARH,D,20170720,000000,10.905,11.277,10.905,11.277,1425,0
ARH,D,20170721,000000,10.835,11.073,9.878,11.073,12508,0
ARH,D,20170724,000000,10.828,11.166,10.828,11.166,1880,0
ARH,D,20170725,000000,10.793,11.102,10.737,11.066,3805,0
ARH,D,20170727,000000,11.173,11.173,11.173,11.173,2,0
ARH,D,20170728,000000,11.173,11.173,11.039,11.173,325,0
ARH,D,20170731,000000,10.898,11.173,10.898,11.173,31515,0
ARH,D,20170801,000000,11.179,11.25,11.179,11.179,36761,0
ARH,D,20170804,000000,11.032,11.032,11.032,11.032,995,0
ARH,D,20170807,000000,10.793,10.793,10.793,10.793,711,0
ARH,D,20170808,000000,10.722,10.771,10.546,10.758,1551,0
ARH,D,20170809,000000,10.475,10.758,10.475,10.758,473,0
ARH,D,20170810,000000,10.758,10.758,10.758,10.758,355,0
ARH,D,20170811,000000,10.771,10.771,10.442,10.771,243,0
ARH,D,20170814,000000,10.863,10.863,10.863,10.863,2,0
ARH,D,20170816,000000,10.863,10.863,10.863,10.863,129,0
ARH,D,20170817,000000,10.546,10.828,10.546,10.828,740,0
ARH,D,20170818,000000,10.828,10.828,10.828,10.828,19,0
ARH,D,20170822,000000,10.793,10.793,10.793,10.793,128,0
ARH,D,20170824,000000,10.821,10.821,10.793,10.793,378,0
ARH,D,20170825,000000,10.758,10.758,10.758,10.758,995,0
ARH,D,20170828,000000,10.475,10.821,10.475,10.821,423,0
ARH,D,20170829,000000,10.49,10.616,10.49,10.616,401,0
ARH,D,20170830,000000,10.722,10.722,10.722,10.722,122,0
ARH,D,20170831,000000,10.828,10.828,10.653,10.653,1301,0
ARH,D,20170901,000000,10.653,10.653,10.653,10.653,141,0
ARH,D,20170904,000000,10.758,10.828,10.758,10.828,349,0
ARH,D,20170905,000000,10.821,10.821,10.68,10.722,448,0
ARH,D,20170906,000000,10.653,10.653,10.49,10.49,49676,0
ARH,D,20170907,000000,10.511,10.546,10.365,10.365,9093,0
ARH,D,20170908,000000,10.335,10.335,10.335,10.335,509,0
ARH,D,20170911,000000,10.335,10.335,9.948,10.335,9331,0
ARH,D,20170912,000000,10.335,10.335,10.335,10.335,572,0
ARH,D,20170913,000000,10.02,10.194,10.012,10.012,705,0
ARH,D,20170914,000000,10.194,10.327,10.194,10.327,200,0
ARH,D,20170915,000000,10.335,10.546,10.335,10.546,2830,0
ARH,D,20170918,000000,10.539,10.546,10.539,10.546,220,0
ARH,D,20170919,000000,10.567,10.567,10.546,10.546,1780,0
ARH,D,20170920,000000,10.546,10.546,10.37,10.511,22562,0
ARH,D,20170921,000000,10.505,10.616,10.475,10.616,4822,0
ARH,D,20170922,000000,10.609,10.623,10.125,10.23,3903,0
ARH,D,20170925,000000,10.237,10.237,10.209,10.209,2041,0
ARH,D,20170926,000000,10.167,10.167,10.027,10.053,3463,0
ARH,D,20170927,000000,10.153,10.511,10.153,10.505,1402,0
ARH,D,20170928,000000,10.511,10.511,10.335,10.335,2260,0
ARH,D,20170929,000000,10.342,10.342,10.194,10.335,3207,0
ARH,D,20171004,000000,10.349,10.357,10.335,10.335,1110,0
ARH,D,20171005,000000,10.427,10.442,10.427,10.442,932,0
ARH,D,20171006,000000,10.546,10.546,10.546,10.546,6310,0
ARH,D,20171009,000000,10.616,10.616,10.616,10.616,1567,0
ARH,D,20171010,000000,10.821,10.821,10.749,10.749,860,0
ARH,D,20171011,000000,10.821,10.828,10.821,10.828,1216,0
ARH,D,20171012,000000,10.828,10.828,10.828,10.828,425,0
ARH,D,20171013,000000,10.828,10.828,10.793,10.793,1423,0
ARH,D,20171016,000000,10.793,10.793,10.758,10.758,922,0
ARH,D,20171017,000000,10.758,10.813,10.758,10.813,899,0
ARH,D,20171018,000000,10.758,10.758,10.758,10.758,810,0
ARH,D,20171019,000000,10.758,10.758,10.475,10.475,16428,0
ARH,D,20171020,000000,10.546,10.546,10.546,10.546,42825,0
ARH,D,20171023,000000,10.546,10.686,10.511,10.511,1846,0
ARH,D,20171024,000000,10.546,10.546,10.546,10.546,4672,0
ARH,D,20171025,000000,10.546,10.546,10.37,10.405,1651,0
ARH,D,20171026,000000,10.405,10.405,10.405,10.405,1066,0
ARH,D,20171027,000000,10.412,10.546,10.405,10.546,18014,0
ARH,D,20171030,000000,10.405,10.405,10.405,10.405,10430,0
ARH,D,20171031,000000,10.686,10.686,10.686,10.686,58,0
ARH,D,20171102,000000,10.546,10.546,10.442,10.511,1403,0
ARH,D,20171108,000000,10.342,10.37,10.335,10.37,2020,0
ARH,D,20171109,000000,10.37,10.37,10.194,10.327,796,0
ARH,D,20171110,000000,10.265,10.265,10.125,10.131,1389,0
ARH,D,20171113,000000,10.194,10.194,10.125,10.125,2342,0
ARH,D,20171114,000000,10.125,10.125,10.061,10.125,2059,0
ARH,D,20171115,000000,10.075,10.125,10.061,10.125,298,0
ARH,D,20171116,000000,10.061,10.321,10.053,10.321,368,0
ARH,D,20171117,000000,10.194,10.315,10.027,10.315,912,0
ARH,D,20171120,000000,10.399,10.399,10.032,10.089,881,0
ARH,D,20171121,000000,10.125,10.125,10.089,10.125,668,0
ARH,D,20171122,000000,10.125,10.194,10.125,10.194,10245,0
ARH,D,20171123,000000,10.194,10.194,10.125,10.125,6255,0
ARH,D,20171124,000000,10.125,10.125,10.047,10.125,536,0
ARH,D,20171127,000000,10.405,10.405,10.047,10.047,121,0
ARH,D,20171128,000000,10.053,10.391,10.04,10.391,712,0
ARH,D,20171129,000000,10.047,10.201,10.04,10.053,22648,0
ARH,D,20171130,000000,10.304,10.81,10.275,10.489,18832,0
ARH,D,20171201,000000,10.597,10.81,10.597,10.703,15690,0
ARH,D,20171204,000000,10.775,11.011,10.775,11.011,1668,0
ARH,D,20171205,000000,10.91,10.91,10.91,10.91,750,0
ARH,D,20171206,000000,10.989,10.989,10.989,10.989,350,0
ARH,D,20171207,000000,10.989,10.989,10.989,10.989,1052,0
ARH,D,20171208,000000,10.989,10.989,10.981,10.989,2733,0
ARH,D,20171211,000000,10.91,10.989,10.91,10.917,351,0
ARH,D,20171212,000000,10.925,10.925,10.917,10.917,274,0
ARH,D,20171213,000000,10.917,10.981,10.917,10.981,5490,0
ARH,D,20171214,000000,10.981,11.31,10.981,11.31,8066,0
ARH,D,20171215,000000,11.31,11.688,11.31,11.688,7794,0
ARH,D,20171218,000000,11.703,11.952,11.703,11.924,4427,0
ARH,D,20171219,000000,11.525,11.845,11.525,11.845,2940,0
ARH,D,20171220,000000,11.453,11.937,11.453,11.781,3674,0
ARH,D,20171221,000000,11.532,11.753,11.532,11.567,2231,0
ARH,D,20171222,000000,11.567,11.759,11.567,11.759,1389,0
ARH,D,20171227,000000,11.503,11.503,11.439,11.439,807,0
ARH,D,20171228,000000,11.416,11.631,11.103,11.631,1119,0
ARH,D,20171229,000000,11.368,11.703,11.368,11.703,1783,0
ARH,D,20180103,000000,11.559,11.703,11.416,11.703,1695,0
ARH,D,20180104,000000,11.559,11.559,11.346,11.346,18104,0
ARH,D,20180105,000000,11.346,11.416,11.346,11.416,2058,0
ARH,D,20180108,000000,11.416,11.416,11.31,11.416,76280,0
ARH,D,20180109,000000,11.559,11.559,11.416,11.416,6129,0
ARH,D,20180110,000000,11.416,11.416,11.416,11.416,4138,0
ARH,D,20180111,000000,11.416,11.595,11.416,11.595,174,0
ARH,D,20180112,000000,11.595,11.595,11.346,11.559,3517,0
ARH,D,20180115,000000,11.559,11.559,11.488,11.488,5169,0
ARH,D,20180116,000000,11.525,11.559,11.31,11.559,4402,0
ARH,D,20180117,000000,11.416,11.559,11.346,11.346,6257,0
ARH,D,20180118,000000,11.346,11.346,11.238,11.275,5900,0
ARH,D,20180119,000000,11.275,11.275,11.203,11.203,4621,0
ARH,D,20180122,000000,11.275,11.275,11.096,11.132,1448,0
ARH,D,20180123,000000,11.132,11.238,11.132,11.238,618,0
ARH,D,20180124,000000,11.096,11.275,11.06,11.238,569,0
ARH,D,20180125,000000,11.203,11.203,11.132,11.203,583,0
ARH,D,20180126,000000,11.275,11.275,11.203,11.275,18308,0
ARH,D,20180129,000000,11.275,11.275,11.238,11.275,7173,0
ARH,D,20180130,000000,11.275,11.275,11.096,11.096,11908,0
ARH,D,20180131,000000,11.06,11.06,10.703,11.06,82538,0
ARH,D,20180201,000000,11.06,11.06,11.06,11.06,238,0
ARH,D,20180202,000000,11.06,11.06,10.917,10.917,4415,0
ARH,D,20180205,000000,10.917,10.917,10.846,10.846,463,0
ARH,D,20180206,000000,10.739,10.989,10.419,10.989,9947,0
ARH,D,20180207,000000,10.954,11.096,10.703,11.096,26583,0
ARH,D,20180208,000000,10.954,11.203,10.954,11.203,1112,0
ARH,D,20180209,000000,11.203,11.203,10.989,11.203,1330,0
ARH,D,20180212,000000,11.203,11.203,10.954,11.06,8904,0
ARH,D,20180213,000000,11.06,11.06,11.06,11.06,820,0
ARH,D,20180214,000000,10.81,11.06,10.81,11.06,4303,0
ARH,D,20180215,000000,11.06,11.06,11.06,11.06,2663,0
ARH,D,20180216,000000,11.06,11.06,11.06,11.06,1751,0
ARH,D,20180219,000000,11.06,11.06,11.06,11.06,14014,0
ARH,D,20180220,000000,11.06,11.06,10.989,11.06,20014,0
ARH,D,20180221,000000,10.989,10.989,10.989,10.989,4461,0
ARH,D,20180222,000000,10.989,10.989,10.917,10.989,1485,0
ARH,D,20180223,000000,10.989,11.275,10.989,11.275,1037,0
ARH,D,20180226,000000,10.882,11.559,10.882,11.559,1661,0
ARH,D,20180227,000000,11.559,11.559,11.453,11.453,1579,0
ARH,D,20180228,000000,11.488,11.488,11.203,11.453,5870,0
ARH,D,20180301,000000,11.381,11.416,11.132,11.416,691,0
ARH,D,20180302,000000,11.346,11.346,11.203,11.203,20619,0
ARH,D,20180305,000000,11.132,11.275,11.132,11.275,864,0
ARH,D,20180306,000000,11.275,11.275,10.954,11.275,366,0
ARH,D,20180307,000000,10.989,11.132,10.775,11.096,5663,0
ARH,D,20180308,000000,11.203,11.203,11.024,11.203,445,0
ARH,D,20180309,000000,11.203,11.203,11.132,11.203,424,0
ARH,D,20180312,000000,11.203,11.203,11.096,11.203,201,0
ARH,D,20180314,000000,11.238,11.238,11.238,11.238,561,0
ARH,D,20180315,000000,11.275,11.275,11.096,11.238,1527,0
ARH,D,20180319,000000,11.096,11.203,11.06,11.203,1149,0
ARH,D,20180320,000000,11.06,11.275,11.06,11.275,280,0
ARH,D,20180321,000000,11.06,11.346,11.06,11.346,220,0
ARH,D,20180322,000000,11.346,11.346,11.167,11.346,1467,0
ARH,D,20180323,000000,11.203,11.203,11.203,11.203,1541,0
ARH,D,20180326,000000,11.203,11.381,11.096,11.381,255,0
ARH,D,20180327,000000,11.381,11.381,11.096,11.346,2495,0
ARH,D,20180328,000000,11.346,11.346,11.132,11.31,952,0
ARH,D,20180329,000000,11.167,11.416,11.167,11.416,2240,0
ARH,D,20180403,000000,11.416,11.416,10.917,11.132,6184,0
ARH,D,20180404,000000,11.132,11.132,10.954,11.132,4030,0
ARH,D,20180406,000000,10.917,11.06,10.703,11.06,12749,0
ARH,D,20180410,000000,10.81,11.06,10.775,11.06,2803,0
ARH,D,20180411,000000,11.024,11.024,11.024,11.024,43,0
ARH,D,20180412,000000,11.024,11.024,11.024,11.024,284,0
ARH,D,20180413,000000,10.989,10.989,10.703,10.917,3004,0
ARH,D,20180416,000000,10.775,10.989,10.775,10.989,263,0
ARH,D,20180417,000000,10.81,10.81,10.775,10.81,631,0
ARH,D,20180418,000000,10.739,10.739,10.632,10.703,2911,0
ARH,D,20180419,000000,10.703,10.703,10.275,10.632,3241,0
ARH,D,20180420,000000,10.703,10.989,10.703,10.989,100247,0
ARH,D,20180423,000000,10.632,10.703,10.489,10.703,5648,0
ARH,D,20180424,000000,10.989,10.989,10.703,10.846,8596,0
ARH,D,20180425,000000,10.703,10.954,10.703,10.917,30853,0
ARH,D,20180426,000000,10.954,10.954,10.882,10.882,686,0
ARH,D,20180427,000000,10.954,10.954,10.703,10.703,3265,0
ARH,D,20180430,000000,10.668,10.917,10.668,10.917,645,0
ARH,D,20180502,000000,10.917,10.917,10.917,10.917,1349,0
ARH,D,20180504,000000,10.917,10.917,10.846,10.846,184,0
ARH,D,20180507,000000,10.846,10.917,10.846,10.882,1782,0
ARH,D,20180508,000000,10.846,10.882,10.81,10.882,739,0
ARH,D,20180509,000000,10.882,10.882,10.81,10.882,660,0
ARH,D,20180511,000000,10.846,10.882,10.739,10.846,69819,0
ARH,D,20180514,000000,10.882,11.06,10.882,11.06,29688,0
ARH,D,20180515,000000,11.06,11.203,10.917,11.203,190462,0
ARH,D,20180516,000000,11.203,11.275,11.06,11.275,240896,0
ARH,D,20180517,000000,11.346,11.346,11.06,11.31,42981,0
ARH,D,20180518,000000,10.882,11.275,10.882,11.275,367,0
ARH,D,20180521,000000,10.882,11.31,10.882,11.31,309,0
ARH,D,20180523,000000,10.917,11.275,10.775,11.275,2512,0
ARH,D,20180524,000000,10.917,11.06,10.917,11.06,1975,0
ARH,D,20180525,000000,11.06,11.275,11.06,11.275,21866,0
ARH,D,20180528,000000,11.096,11.416,11.096,11.381,1979,0
ARH,D,20180529,000000,11.381,11.416,11.346,11.416,5071,0
ARH,D,20180530,000000,11.275,11.381,11.203,11.381,6080,0
ARH,D,20180601,000000,11.381,11.381,11.275,11.381,4485,0
ARH,D,20180604,000000,11.97,11.97,11.263,11.381,98584,0
ARH,D,20180605,000000,11.538,11.538,11.303,11.303,14869,0
ARH,D,20180606,000000,11.224,11.224,10.832,11.185,20837,0
ARH,D,20180607,000000,11.185,11.185,11.185,11.185,1020,0
ARH,D,20180608,000000,11.185,11.224,11.185,11.224,128,0
ARH,D,20180611,000000,11.263,11.774,11.263,11.774,1298,0
ARH,D,20180612,000000,11.695,12.009,11.46,12.009,1721,0
ARH,D,20180613,000000,11.97,12.088,11.656,12.088,4909,0
ARH,D,20180618,000000,11.774,12.088,11.656,12.088,372,0
ARH,D,20180619,000000,11.617,12.088,11.617,12.088,24402,0
ARH,D,20180620,000000,12.049,12.049,12.049,12.049,2674,0
ARH,D,20180621,000000,12.049,12.049,11.774,11.774,764,0
ARH,D,20180622,000000,12.009,12.009,12.009,12.009,2556,0
ARH,D,20180626,000000,12.009,12.009,11.656,11.97,3440,0
ARH,D,20180627,000000,12.009,12.009,11.695,11.892,3942,0
ARH,D,20180628,000000,11.892,11.892,11.892,11.892,2632,0
ARH,D,20180629,000000,11.892,11.97,11.892,11.97,2674,0
ARH,D,20180702,000000,11.931,11.931,11.892,11.892,2298,0
ARH,D,20180703,000000,11.892,11.892,11.892,11.892,2293,0
ARH,D,20180704,000000,11.892,11.892,11.892,11.892,1159,0
ARH,D,20180705,000000,11.892,11.892,11.774,11.774,84240,0
ARH,D,20180706,000000,11.892,11.892,11.892,11.892,1774,0
ARH,D,20180709,000000,11.892,11.892,11.578,11.852,1328,0
ARH,D,20180710,000000,11.381,11.852,11.381,11.852,1407,0
ARH,D,20180712,000000,11.617,11.617,11.617,11.617,12,0
ARH,D,20180713,000000,11.617,11.617,11.617,11.617,823,0
ARH,D,20180716,000000,11.617,11.735,11.46,11.735,1747,0
ARH,D,20180717,000000,11.695,11.695,11.695,11.695,1657,0
ARH,D,20180718,000000,11.695,11.735,11.695,11.735,1811,0
ARH,D,20180719,000000,11.695,11.695,11.695,11.695,1784,0
ARH,D,20180720,000000,11.695,11.695,11.695,11.695,1720,0
ARH,D,20180723,000000,11.538,11.695,11.538,11.538,1588,0
ARH,D,20180724,000000,11.735,11.735,11.538,11.538,1669,0
ARH,D,20180725,000000,11.656,11.656,11.617,11.617,1404,0
ARH,D,20180726,000000,11.42,11.46,11.381,11.381,1140,0
ARH,D,20180727,000000,11.381,11.538,11.381,11.538,147,0
ARH,D,20180730,000000,11.538,11.538,11.538,11.538,58,0
ARH,D,20180731,000000,11.617,11.735,11.538,11.735,167,0
ARH,D,20180801,000000,11.735,11.735,11.735,11.735,1503,0
ARH,D,20180802,000000,11.695,11.695,11.695,11.695,1338,0
ARH,D,20180803,000000,11.695,11.695,11.46,11.46,1720,0
ARH,D,20180806,000000,11.381,11.381,11.381,11.381,128,0
ARH,D,20180807,000000,11.381,11.381,11.381,11.381,606,0
ARH,D,20180808,000000,11.303,11.342,10.832,11.342,1835,0
ARH,D,20180809,000000,11.342,11.342,10.949,11.067,2654,0
ARH,D,20180810,000000,10.91,10.989,10.597,10.949,1405,0
ARH,D,20180813,000000,10.949,10.949,10.793,10.793,1961,0
ARH,D,20180814,000000,10.832,10.832,10.793,10.793,1812,0
ARH,D,20180816,000000,10.832,10.832,10.832,10.832,91,0
ARH,D,20180821,000000,10.793,10.793,10.793,10.793,102,0
ARH,D,20180822,000000,10.793,10.832,10.793,10.832,128,0
ARH,D,20180827,000000,10.479,10.832,10.479,10.832,643,0
ARH,D,20180828,000000,10.479,10.597,9.968,10.204,6737,0
ARH,D,20180829,000000,10.204,10.204,10.204,10.204,1510,0
ARH,D,20180830,000000,10.44,10.44,10.44,10.44,120,0
ARH,D,20180831,000000,10.44,10.44,10.44,10.44,298,0
ARH,D,20180903,000000,10.44,10.44,10.44,10.44,891,0
ARH,D,20180905,000000,10.44,10.44,10.44,10.44,273,0
ARH,D,20180906,000000,10.361,10.44,10.361,10.44,741,0
ARH,D,20180907,000000,10.44,10.44,10.361,10.361,7938,0
ARH,D,20180910,000000,10.361,10.361,10.361,10.361,54154,0
ARH,D,20180911,000000,10.361,10.361,10.361,10.361,25780,0
ARH,D,20180912,000000,10.361,10.361,10.361,10.361,22831,0
ARH,D,20180914,000000,10.44,10.597,9.968,10.597,4585,0
ARH,D,20180917,000000,10.204,10.597,10.204,10.597,129,0
ARH,D,20180918,000000,10.597,10.597,10.597,10.597,1529,0
ARH,D,20180919,000000,10.361,10.518,10.361,10.518,1772,0
ARH,D,20180920,000000,10.44,10.44,10.361,10.361,8135,0
ARH,D,20180921,000000,10.361,10.361,10.361,10.361,10192,0
ARH,D,20180924,000000,10.361,10.361,10.204,10.204,2020,0
ARH,D,20180925,000000,10.204,10.204,10.165,10.165,5949,0
ARH,D,20180927,000000,10.518,10.518,10.361,10.361,4594,0
ARH,D,20180928,000000,10.361,10.479,10.361,10.479,3313,0
ARH,D,20181001,000000,10.44,10.44,10.401,10.401,548,0
ARH,D,20181002,000000,10.047,10.047,9.89,10.047,3308,0
ARH,D,20181003,000000,10.126,10.126,9.654,9.654,3075,0
ARH,D,20181008,000000,9.733,9.733,9.3011,9.419,9009,0
ARH,D,20181009,000000,9.419,9.497,9.3401,9.3401,12001,0
ARH,D,20181010,000000,9.3401,9.3401,9.3401,9.3401,1541,0
ARH,D,20181011,000000,9.2622,9.2622,9.0264,9.0264,6072,0
ARH,D,20181012,000000,9.0264,9.0264,8.9485,8.9485,3058,0
ARH,D,20181015,000000,9.2232,9.2232,9.0654,9.0654,23454,0
ARH,D,20181016,000000,9.1053,9.1053,9.0264,9.0264,1910,0
ARH,D,20181018,000000,9.1833,9.1833,9.1833,9.1833,128,0
ARH,D,20181019,000000,9.1833,9.1833,9.1833,9.1833,230,0
ARH,D,20181022,000000,9.1833,9.1833,9.1833,9.1833,11,0
ARH,D,20181023,000000,9.1833,9.1833,9.1053,9.1053,381,0
ARH,D,20181024,000000,9.1833,9.1833,9.1833,9.1833,1174,0
ARH,D,20181025,000000,9.1053,9.3401,9.1053,9.3401,414,0
ARH,D,20181026,000000,9.1053,9.1053,8.9086,8.9086,191,0
ARH,D,20181029,000000,9.3011,9.3011,9.3011,9.3011,98,0
ARH,D,20181030,000000,9.2622,9.2622,9.2622,9.2622,2635,0
ARH,D,20181031,000000,9.0654,9.0654,8.9485,8.9485,1924,0
ARH,D,20181102,000000,9.0264,9.0264,9.0264,9.0264,51,0
ARH,D,20181105,000000,9.2622,9.2622,9.1833,9.1833,43530,0
ARH,D,20181106,000000,9.0264,9.0264,8.9485,8.9485,7988,0
ARH,D,20181107,000000,9.3011,9.3011,9.1833,9.1833,3485,0
ARH,D,20181108,000000,9.3011,9.3401,9.3011,9.3401,941,0
ARH,D,20181114,000000,9.3401,9.3401,9.3401,9.3401,336,0
ARH,D,20181116,000000,9.3401,9.3401,9.3401,9.3401,177871,0
ARH,D,20181119,000000,9.419,9.419,9.419,9.419,565,0
ARH,D,20181120,000000,9.576,9.89,9.576,9.89,5883,0
ARH,D,20181122,000000,9.89,9.89,9.89,9.89,106,0
ARH,D,20181123,000000,9.654,9.654,9.654,9.654,38220,0
ARH,D,20181128,000000,9.654,9.89,9.419,9.89,7644,0
ARH,D,20181129,000000,9.3401,9.3401,9.3401,9.3401,484,0
ARH,D,20181130,000000,9.3401,9.38,9.3401,9.38,3645,0
ARH,D,20181203,000000,9.38,9.38,9.38,9.38,4114,0
ARH,D,20181204,000000,9.38,9.38,9.3401,9.3401,4430,0
ARH,D,20181205,000000,9.3401,9.3401,9.3401,9.3401,3058,0
ARH,D,20181206,000000,9.3401,9.3401,9.2622,9.2622,3586,0
ARH,D,20181207,000000,9.3401,9.3401,9.3401,9.3401,3186,0
ARH,D,20181210,000000,9.3401,9.3401,9.0264,9.0264,6178,0
ARH,D,20181211,000000,9.1053,9.1053,9.0654,9.1053,1743,0
ARH,D,20181212,000000,9.3401,9.3401,9.3401,9.3401,3535,0
ARH,D,20181213,000000,9.3401,9.3401,9.3011,9.3011,3514,0
ARH,D,20181214,000000,9.3011,9.3011,9.1833,9.1833,38424,0
ARH,D,20181217,000000,9.0264,9.2622,9.0264,9.2622,1996,0
ARH,D,20181218,000000,9.2232,9.2232,8.9485,8.9874,2509,0
ARH,D,20181219,000000,8.9485,8.9485,8.6347,8.7517,4386,0
ARH,D,20181220,000000,8.7517,8.7517,8.6347,8.7517,2428,0
ARH,D,20181221,000000,8.6347,8.7517,8.4779,8.7517,825,0
ARH,D,20181227,000000,8.7517,8.7517,8.7517,8.7517,878,0
ARH,D,20181228,000000,8.7517,9.0264,8.7127,9.0264,396,0
ARH,D,20190102,000000,9.3401,9.3401,8.9874,8.9874,2038,0
ARH,D,20190103,000000,8.7916,8.8306,8.7916,8.8306,1855,0
ARH,D,20190104,000000,8.9485,8.9485,8.9485,8.9485,9,0
ARH,D,20190107,000000,8.8306,8.8306,8.7916,8.7916,318,0
ARH,D,20190108,000000,8.7916,8.7916,8.6347,8.6347,2005,0
ARH,D,20190109,000000,8.6347,9.2622,8.6347,9.2232,120553,0
ARH,D,20190110,000000,9.2232,9.2232,9.2232,9.2232,385,0
ARH,D,20190111,000000,8.8696,9.2232,8.8696,9.2232,273,0
ARH,D,20190114,000000,8.8306,9.2232,8.8306,9.2232,80,0
ARH,D,20190115,000000,8.8306,9.1833,8.8306,9.1833,2907,0
ARH,D,20190116,000000,9.0264,9.1053,9.0264,9.1053,64353,0
ARH,D,20190117,000000,9.1053,9.1443,9.1053,9.1443,255,0
ARH,D,20190118,000000,9.1443,9.1443,9.1443,9.1443,2,0
ARH,D,20190121,000000,9.1053,9.3401,9.1053,9.3011,6899,0
ARH,D,20190122,000000,9.0264,9.3401,9.0264,9.3401,359,0
ARH,D,20190123,000000,9.0654,9.2232,9.0264,9.2232,1149,0
ARH,D,20190124,000000,9.2232,9.2232,9.1053,9.1053,809,0
ARH,D,20190125,000000,9.0264,9.2232,8.7916,9.0264,5901,0
ARH,D,20190128,000000,9.1053,9.419,8.9485,9.419,68106,0
ARH,D,20190129,000000,9.419,9.772,9.419,9.733,1277,0
ARH,D,20190130,000000,9.576,9.812,9.576,9.812,1279,0
ARH,D,20190131,000000,9.812,10.518,9.812,10.165,11306,0
ARH,D,20190201,000000,10.165,10.165,9.89,10.126,287,0
ARH,D,20190204,000000,10.126,10.322,10.126,10.283,3912,0
ARH,D,20190205,000000,10.283,10.283,10.283,10.283,37,0
ARH,D,20190206,000000,10.283,10.793,10.283,10.597,4149,0
ARH,D,20190207,000000,10.597,10.597,10.283,10.597,345,0
ARH,D,20190208,000000,10.597,10.597,10.283,10.597,205,0
ARH,D,20190213,000000,10.518,10.518,10.518,10.518,272,0
ARH,D,20190214,000000,10.283,10.283,10.283,10.283,809,0
ARH,D,20190215,000000,10.361,10.361,10.361,10.361,2,0
ARH,D,20190218,000000,10.361,10.361,10.361,10.361,191,0
ARH,D,20190219,000000,10.401,10.401,10.401,10.401,42,0
ARH,D,20190220,000000,10.401,10.401,10.401,10.401,2,0
ARH,D,20190222,000000,10.047,10.401,10.047,10.401,1156,0
ARH,D,20190225,000000,10.401,10.401,10.401,10.401,12,0
ARH,D,20190226,000000,10.401,10.401,10.401,10.401,2,0
ARH,D,20190301,000000,10.401,10.518,10.165,10.479,3089,0
ARH,D,20190304,000000,10.44,10.44,10.361,10.44,378,0
ARH,D,20190305,000000,10.558,10.558,10.558,10.558,3,0
ARH,D,20190306,000000,10.126,10.126,10.126,10.126,764,0
ARH,D,20190307,000000,10.126,10.165,10.126,10.165,106,0
ARH,D,20190308,000000,10.165,10.165,9.733,9.851,1118,0
ARH,D,20190311,000000,9.851,9.851,9.851,9.851,6,0
ARH,D,20190312,000000,9.654,9.851,9.654,9.851,12486,0
ARH,D,20190313,000000,9.812,9.851,9.812,9.851,98008,0
ARH,D,20190314,000000,9.537,9.733,9.458,9.733,375,0
ARH,D,20190315,000000,9.733,10.047,9.576,10.047,1005,0
ARH,D,20190318,000000,10.047,10.047,9.812,10.007,7944,0
ARH,D,20190319,000000,10.047,10.047,10.047,10.047,6,0
ARH,D,20190320,000000,9.968,10.047,9.968,9.968,767,0
ARH,D,20190321,000000,9.968,10.047,9.968,10.047,961,0
ARH,D,20190322,000000,9.812,10.283,9.733,10.283,74098,0
ARH,D,20190325,000000,9.733,10.283,9.733,10.283,220,0
ARH,D,20190326,000000,10.283,10.44,10.204,10.204,48244,0
ARH,D,20190327,000000,10.204,10.558,10.204,10.44,6414,0
ARH,D,20190328,000000,10.44,10.754,10.44,10.754,6815,0
ARH,D,20190329,000000,10.989,10.989,10.754,10.989,1536,0
ARH,D,20190401,000000,10.989,11.303,10.989,11.303,100,0
ARH,D,20190402,000000,11.303,11.303,11.303,11.303,37,0
ARH,D,20190403,000000,11.303,11.303,10.949,10.949,2143,0
ARH,D,20190404,000000,10.949,10.989,10.949,10.989,56753,0
ARH,D,20190405,000000,10.675,10.675,10.675,10.675,1118,0
ARH,D,20190408,000000,10.675,10.675,10.675,10.675,42,0
ARH,D,20190409,000000,10.91,11.106,10.91,11.106,1363,0
ARH,D,20190410,000000,11.146,11.146,11.146,11.146,701,0
ARH,D,20190411,000000,10.989,10.989,10.832,10.989,1830,0
ARH,D,20190412,000000,10.989,10.989,10.989,10.989,38507,0
ARH,D,20190415,000000,10.989,10.989,10.989,10.989,288,0
ARH,D,20190417,000000,10.91,10.989,10.832,10.989,1941,0
ARH,D,20190423,000000,10.832,10.832,10.754,10.754,801,0
ARH,D,20190425,000000,10.597,10.989,10.597,10.949,3649,0
ARH,D,20190426,000000,10.989,11.263,10.989,11.263,999,0
ARH,D,20190429,000000,10.793,11.381,10.754,11.381,6089,0
ARH,D,20190430,000000,10.832,11.342,10.832,11.342,262,0
ARH,D,20190502,000000,10.754,11.342,10.754,11.342,460,0
ARH,D,20190507,000000,10.832,11.303,10.832,11.303,63,0
ARH,D,20190508,000000,10.832,10.832,10.832,10.832,106,0
ARH,D,20190509,000000,10.832,10.832,10.832,10.832,96,0
ARH,D,20190514,000000,11.303,11.303,11.303,11.303,26,0
ARH,D,20190515,000000,11.303,11.303,10.989,10.989,133,0
ARH,D,20190517,000000,10.989,10.989,10.754,10.754,2166,0
ARH,D,20190520,000000,10.949,10.949,10.832,10.949,701,0
ARH,D,20190521,000000,10.949,10.949,10.793,10.793,104,0
ARH,D,20190522,000000,10.91,10.989,10.91,10.989,60211,0
ARH,D,20190523,000000,11.185,11.185,11.185,11.185,128,0
ARH,D,20190524,000000,11.224,11.303,11.224,11.303,1680,0
ARH,D,20190527,000000,11.342,11.617,11.342,11.617,1052,0
ARH,D,20190529,000000,11.106,11.578,11.106,11.578,26,0
ARH,D,20190530,000000,11.106,11.538,11.106,11.146,2642,0
ARH,D,20190531,000000,11.578,11.617,11.578,11.617,325,0
ARH,D,20190603,000000,11.617,11.695,11.617,11.617,2532,0
ARH,D,20190606,000000,11.852,11.852,11.852,11.852,9754,0
ARH,D,20190612,000000,12.009,12.009,11.852,11.852,7210,0
ARH,D,20190614,000000,11.852,11.852,11.852,11.852,234,0
ARH,D,20190617,000000,11.852,11.852,11.813,11.813,509,0
ARH,D,20190618,000000,11.813,11.852,11.774,11.774,1009,0
ARH,D,20190619,000000,11.852,11.852,11.852,11.852,73,0
ARH,D,20190621,000000,11.892,11.892,11.852,11.852,764,0
ARH,D,20190624,000000,12.167,12.167,11.97,12.009,1625,0
ARH,D,20190625,000000,12.009,12.52,12.009,12.245,14304,0
ARH,D,20190626,000000,12.088,12.088,11.931,12.088,1936,0
ARH,D,20190627,000000,12.049,12.324,12.049,12.088,4137,0
ARH,D,20190628,000000,11.875,12.554,11.875,12.512,694,0
ARH,D,20190701,000000,11.961,11.961,11.621,11.621,2187,0
ARH,D,20190702,000000,12.088,12.088,12.088,12.088,377,0
ARH,D,20190703,000000,12.172,12.172,12.088,12.088,292,0
ARH,D,20190704,000000,12.172,12.172,12.003,12.003,2259,0
ARH,D,20190705,000000,11.875,11.875,11.875,11.875,265,0
ARH,D,20190708,000000,11.875,11.875,11.875,11.875,240,0
ARH,D,20190709,000000,11.875,11.875,11.875,11.875,59,0
ARH,D,20190710,000000,11.875,12.13,11.875,12.13,1114,0
ARH,D,20190711,000000,12.257,12.257,12.257,12.257,76,0
ARH,D,20190712,000000,12.257,12.257,12.257,12.257,59,0
ARH,D,20190715,000000,12.215,12.215,12.13,12.13,279,0
ARH,D,20190716,000000,12.13,12.13,12.13,12.13,87,0
ARH,D,20190717,000000,11.961,11.961,11.961,11.961,123,0
ARH,D,20190718,000000,11.918,11.918,11.875,11.875,743,0
ARH,D,20190719,000000,11.536,11.536,11.536,11.536,1026,0
ARH,D,20190722,000000,11.198,11.282,11.198,11.282,476,0
ARH,D,20190723,000000,11.198,11.198,11.027,11.027,965,0
ARH,D,20190724,000000,11.027,11.027,10.942,10.942,201,0
ARH,D,20190725,000000,10.942,11.664,10.942,11.664,4271,0
ARH,D,20190726,000000,11.664,11.664,11.664,11.664,117,0
ARH,D,20190729,000000,11.664,11.664,11.664,11.664,29,0
ARH,D,20190730,000000,11.112,11.664,11.112,11.664,23,0
ARH,D,20190731,000000,11.198,11.198,11.198,11.198,117,0
ARH,D,20190801,000000,11.664,11.918,11.621,11.875,5656,0
ARH,D,20190802,000000,11.833,11.833,11.833,11.833,324,0
ARH,D,20190805,000000,11.833,11.833,11.833,11.833,301,0
ARH,D,20190806,000000,11.833,11.875,11.791,11.875,1806,0
ARH,D,20190808,000000,11.791,11.875,11.791,11.875,825,0
ARH,D,20190809,000000,11.875,11.875,11.875,11.875,88,0
ARH,D,20190812,000000,11.875,11.875,11.706,11.706,196,0
ARH,D,20190813,000000,11.621,11.621,11.621,11.621,236,0
ARH,D,20190819,000000,11.579,11.579,11.536,11.536,986,0
ARH,D,20190820,000000,11.452,11.452,11.452,11.452,231,0
ARH,D,20190821,000000,11.452,11.494,11.452,11.494,887,0
ARH,D,20190822,000000,11.875,11.961,11.875,11.961,237,0
ARH,D,20190823,000000,11.706,11.875,11.579,11.875,851,0
ARH,D,20190826,000000,11.621,11.833,11.579,11.833,599,0
ARH,D,20190828,000000,11.579,11.579,11.282,11.282,24234,0
ARH,D,20190902,000000,11.282,11.282,11.282,11.282,610,0
ARH,D,20190903,000000,11.282,11.282,11.282,11.282,246,0
ARH,D,20190906,000000,11.282,11.282,11.112,11.112,893,0
ARH,D,20190909,000000,11.239,11.239,11.112,11.112,2185,0
ARH,D,20190910,000000,11.112,11.367,10.942,11.367,947,0
ARH,D,20190911,000000,10.942,11.367,10.942,11.198,636,0
ARH,D,20190912,000000,11.027,11.409,11.027,11.409,1137,0
ARH,D,20190913,000000,11.875,12.3,11.875,12.3,70822,0
ARH,D,20190916,000000,12.3,12.597,12.13,12.597,89729,0
ARH,D,20190917,000000,12.469,12.809,12.3,12.682,27636,0
ARH,D,20190918,000000,12.724,12.724,12.724,12.724,11,0
ARH,D,20190919,000000,12.724,12.724,12.682,12.724,202,0
ARH,D,20190920,000000,12.724,12.724,12.724,12.724,47,0
ARH,D,20190923,000000,12.3,12.639,12.3,12.639,595,0
ARH,D,20190924,000000,12.639,12.639,12.639,12.639,589,0
ARH,D,20190926,000000,12.724,12.724,12.724,12.724,9,0
ARH,D,20190927,000000,12.639,12.639,12.3,12.639,25833,0
ARH,D,20190930,000000,12.639,12.639,12.639,12.639,614,0
ARH,D,20191001,000000,12.639,12.724,12.639,12.724,7179,0
ARH,D,20191002,000000,12.724,12.724,12.385,12.385,472,0
ARH,D,20191003,000000,12.724,12.809,12.385,12.809,747,0
ARH,D,20191004,000000,12.724,12.724,12.724,12.724,15,0
ARH,D,20191007,000000,12.724,12.724,12.724,12.724,519,0
ARH,D,20191008,000000,12.724,12.724,12.724,12.724,209,0
ARH,D,20191009,000000,12.724,12.724,12.724,12.724,35,0
ARH,D,20191010,000000,12.724,12.724,12.724,12.724,24,0
ARH,D,20191011,000000,12.682,12.682,12.682,12.682,194,0
ARH,D,20191014,000000,12.682,12.682,12.597,12.639,901,0
ARH,D,20191015,000000,12.639,12.639,12.639,12.639,375,0
ARH,D,20191016,000000,12.724,12.724,12.639,12.639,853,0
ARH,D,20191017,000000,12.724,12.809,12.724,12.724,2291,0
ARH,D,20191018,000000,12.724,12.894,12.639,12.639,2142,0
ARH,D,20191021,000000,12.724,12.724,12.597,12.639,4324,0
ARH,D,20191022,000000,12.639,12.724,12.639,12.724,381,0
ARH,D,20191023,000000,12.894,12.979,12.894,12.979,346,0
ARH,D,20191024,000000,13.063,13.063,13.063,13.063,158,0
ARH,D,20191025,000000,12.979,12.979,12.639,12.979,1242,0
ARH,D,20191028,000000,12.979,12.979,12.639,12.894,1787,0
ARH,D,20191029,000000,13.071,13.071,12.938,12.982,386,0
ARH,D,20191030,000000,12.982,13.425,12.938,13.204,1850,0
ARH,D,20191031,000000,13.381,13.425,13.292,13.337,970,0
ARH,D,20191104,000000,13.381,13.425,13.115,13.115,1274,0
ARH,D,20191105,000000,13.47,13.47,13.47,13.47,72,0
ARH,D,20191106,000000,13.292,13.292,13.204,13.292,3309,0
ARH,D,20191107,000000,13.292,13.292,12.982,13.204,3047,0
ARH,D,20191108,000000,13.292,13.292,13.204,13.204,5102,0
ARH,D,20191112,000000,13.204,13.248,13.204,13.248,363,0
ARH,D,20191113,000000,13.248,13.47,13.248,13.47,1272,0
ARH,D,20191114,000000,13.514,13.514,13.381,13.381,1192,0
ARH,D,20191115,000000,13.47,13.47,13.381,13.381,35,0
ARH,D,20191118,000000,13.381,13.381,13.292,13.292,1264,0
ARH,D,20191120,000000,13.47,13.47,13.292,13.292,363,0
ARH,D,20191122,000000,13.514,13.514,13.292,13.381,450,0
ARH,D,20191125,000000,13.47,13.47,13.292,13.425,829,0
ARH,D,20191126,000000,13.292,13.425,13.292,13.292,455,0
ARH,D,20191127,000000,13.47,13.603,13.337,13.337,68964,0
ARH,D,20191128,000000,13.47,13.47,13.204,13.204,1172,0
ARH,D,20191129,000000,13.337,13.337,13.115,13.292,1530,0
ARH,D,20191202,000000,13.292,13.337,13.292,13.337,1422,0
ARH,D,20191203,000000,13.337,13.337,13.292,13.292,664,0
ARH,D,20191204,000000,13.292,13.292,13.292,13.292,2144,0
ARH,D,20191205,000000,13.337,13.337,13.337,13.337,576,0
ARH,D,20191206,000000,13.292,13.47,13.292,13.47,3345,0
ARH,D,20191209,000000,13.47,13.691,13.159,13.691,1694,0
ARH,D,20191210,000000,13.558,14.622,13.558,14.622,380798,0
ARH,D,20191211,000000,14.622,15.065,14.622,14.976,20699,0
ARH,D,20191212,000000,14.976,14.976,14.622,14.622,11515,0
ARH,D,20191213,000000,14.843,14.887,14.622,14.887,6227,0
ARH,D,20191216,000000,14.887,14.887,14.71,14.843,732,0
ARH,D,20191217,000000,14.887,14.976,14.622,14.887,4305,0
ARH,D,20191218,000000,14.887,14.932,14.799,14.932,1284,0
ARH,D,20191219,000000,14.976,14.976,14.533,14.622,1276,0
ARH,D,20191220,000000,14.533,14.622,14.533,14.622,1402,0
ARH,D,20191223,000000,14.533,14.887,14.533,14.666,3028,0
ARH,D,20191227,000000,14.666,14.887,14.622,14.887,2382,0
ARH,D,20191230,000000,14.976,15.153,14.976,15.153,2203,0
ARH,D,20200102,000000,15.331,16.217,15.331,16.217,5810,0
ARH,D,20200103,000000,16.128,16.217,15.951,16.04,1927,0
ARH,D,20200107,000000,15.951,16.128,15.729,15.951,3078,0
ARH,D,20200108,000000,16.128,16.128,15.596,15.596,3450,0
ARH,D,20200109,000000,15.729,15.951,15.729,15.862,1016,0
ARH,D,20200110,000000,16.04,16.128,15.951,15.951,1423,0
ARH,D,20200113,000000,16.04,16.04,15.951,16.04,3765,0
ARH,D,20200114,000000,16.128,16.305,15.951,16.04,2387,0
ARH,D,20200115,000000,15.951,16.35,15.951,15.951,4284,0
ARH,D,20200116,000000,16.394,16.394,15.951,15.951,1703,0
ARH,D,20200117,000000,15.951,16.172,15.951,16.172,2643,0
ARH,D,20200120,000000,15.951,16.394,15.862,16.172,20511,0
ARH,D,20200121,000000,16.394,16.97,16.394,16.571,49379,0
ARH,D,20200122,000000,16.571,17.369,16.571,16.881,2430,0
ARH,D,20200123,000000,16.926,17.103,16.483,16.483,3885,0
ARH,D,20200124,000000,16.571,17.103,16.483,16.97,2881,0
ARH,D,20200127,000000,17.014,17.014,15.685,16.04,5414,0
ARH,D,20200128,000000,16.04,17.147,16.04,16.394,86359,0
ARH,D,20200129,000000,16.483,16.483,16.483,16.483,508,0
ARH,D,20200130,000000,17.014,17.014,16.66,16.837,831,0
ARH,D,20200131,000000,16.926,17.014,16.305,16.483,3206,0
ARH,D,20200203,000000,16.66,17.28,16.66,17.28,3746,0
ARH,D,20200204,000000,17.369,17.369,16.837,17.147,1684,0
ARH,D,20200205,000000,16.837,17.369,16.837,17.369,2125,0
ARH,D,20200206,000000,17.369,17.369,16.837,16.837,1335,0
ARH,D,20200207,000000,16.837,16.837,16.394,16.394,24112,0
ARH,D,20200210,000000,16.394,16.837,16.394,16.837,556,0
ARH,D,20200211,000000,16.837,17.369,16.748,16.926,35279,0
ARH,D,20200212,000000,17.28,17.28,17.014,17.192,19727,0
ARH,D,20200213,000000,17.28,17.28,17.014,17.014,536,0
ARH,D,20200214,000000,17.014,17.28,17.014,17.28,20508,0
ARH,D,20200217,000000,17.28,17.28,17.192,17.28,2015,0
ARH,D,20200218,000000,17.28,17.28,17.192,17.192,495,0
ARH,D,20200219,000000,17.192,17.28,16.394,16.881,4992,0
ARH,D,20200220,000000,16.926,17.28,16.926,16.97,4384,0
ARH,D,20200221,000000,16.97,16.97,16.926,16.926,740,0
ARH,D,20200224,000000,16.926,16.926,16.394,16.394,2521,0
ARH,D,20200225,000000,16.35,16.394,15.951,16.217,4787,0
ARH,D,20200226,000000,15.774,16.04,15.331,15.951,5698,0
ARH,D,20200227,000000,15.818,15.818,15.375,15.375,8575,0
ARH,D,20200228,000000,15.065,15.242,12.406,14.71,18874,0
ARH,D,20200302,000000,14.001,15.774,14.001,14.843,10459,0
ARH,D,20200303,000000,15.464,15.774,15.464,15.774,2530,0
ARH,D,20200304,000000,15.774,15.951,15.065,15.951,3221,0
ARH,D,20200305,000000,15.907,16.66,15.774,15.774,9359,0
ARH,D,20200306,000000,15.774,15.862,15.02,15.331,11618,0
ARH,D,20200309,000000,14.887,14.887,14.267,14.267,3693,0
ARH,D,20200310,000000,14.356,14.622,14.356,14.356,15098,0
ARH,D,20200311,000000,14.622,14.622,13.824,13.824,1838,0
ARH,D,20200312,000000,13.292,13.292,11.963,12.052,4737,0
ARH,D,20200313,000000,13.115,13.115,10.678,10.678,7130,0
ARH,D,20200316,000000,9.748,10.855,9.3047,9.3047,9296,0
ARH,D,20200317,000000,10.191,11.166,10.191,11.166,1896,0
ARH,D,20200318,000000,11.963,11.963,10.9,11.609,1147,0
ARH,D,20200319,000000,10.811,13.647,10.811,13.603,5658,0
ARH,D,20200320,000000,12.583,13.735,12.406,12.938,2214,0
ARH,D,20200323,000000,12.583,12.583,12.583,12.583,361,0
ARH,D,20200324,000000,12.583,12.583,11.343,11.343,6642,0
ARH,D,20200325,000000,11.52,11.697,11.52,11.564,629,0
ARH,D,20200326,000000,11.564,12.362,11.343,12.362,3545,0
ARH,D,20200327,000000,11.875,11.963,11.875,11.963,357,0
ARH,D,20200330,000000,12.229,12.229,11.343,11.52,2389,0
ARH,D,20200331,000000,11.52,11.786,11.52,11.653,2627,0
ARH,D,20200401,000000,11.52,11.609,11.166,11.52,1220,0
ARH,D,20200402,000000,11.254,11.431,11.077,11.254,1873,0
ARH,D,20200403,000000,11.254,11.254,11.077,11.121,576,0
ARH,D,20200406,000000,10.988,11.254,10.501,10.501,11980,0
ARH,D,20200407,000000,11.254,11.254,10.412,10.634,9031,0
ARH,D,20200408,000000,10.545,10.634,10.324,10.634,3574,0
ARH,D,20200409,000000,10.634,10.634,10.501,10.634,24285,0
ARH,D,20200414,000000,10.678,11.343,10.457,10.944,17038,0
ARH,D,20200415,000000,11.387,11.52,10.988,11.077,12020,0
ARH,D,20200416,000000,11.254,11.52,11.254,11.52,255,0
ARH,D,20200417,000000,11.52,11.697,11.431,11.431,5579,0
ARH,D,20200420,000000,11.52,11.875,11.431,11.875,2732,0
ARH,D,20200421,000000,12.14,12.14,11.121,11.431,4065,0
ARH,D,20200422,000000,11.431,11.564,11.431,11.564,606,0
ARH,D,20200423,000000,11.697,11.697,11.254,11.697,438,0
ARH,D,20200424,000000,11.343,11.431,11.254,11.343,1728,0
ARH,D,20200427,000000,11.343,11.431,10.9,11.254,1909,0
ARH,D,20200428,000000,11.077,11.343,10.811,11.343,2762,0
ARH,D,20200429,000000,11.476,11.476,10.988,11.254,405,0
ARH,D,20200430,000000,11.254,11.653,11.254,11.254,23400,0
ARH,D,20200504,000000,10.9,10.9,10.412,10.457,11385,0
ARH,D,20200505,000000,10.457,10.855,10.457,10.855,650,0
ARH,D,20200506,000000,10.457,10.811,10.412,10.501,827,0
ARH,D,20200507,000000,10.811,11.343,10.501,11.343,2929,0
ARH,D,20200508,000000,11.166,11.166,10.9,11.077,1230,0
ARH,D,20200511,000000,11.077,11.254,11.077,11.21,817,0
ARH,D,20200512,000000,11.121,13.115,11.121,12.229,72851,0
ARH,D,20200513,000000,12.982,12.982,12.273,12.583,1836,0
ARH,D,20200514,000000,12.583,12.716,12.185,12.539,2287,0
ARH,D,20200515,000000,12.539,12.539,11.963,12.495,8066,0
ARH,D,20200518,000000,12.583,12.583,12.14,12.229,1678,0
ARH,D,20200519,000000,12.14,12.14,11.963,12.14,13777,0
ARH,D,20200520,000000,12.406,12.406,12.007,12.007,691,0
ARH,D,20200521,000000,12.007,12.406,12.007,12.406,81,0
ARH,D,20200522,000000,12.406,12.716,12.318,12.716,22813,0
ARH,D,20200525,000000,12.716,12.938,12.672,12.938,5956,0
ARH,D,20200526,000000,12.938,13.47,12.495,13.337,7417,0
ARH,D,20200527,000000,13.47,13.514,13.337,13.337,2345,0
ARH,D,20200528,000000,13.647,14.134,13.647,13.691,4302,0
ARH,D,20200529,000000,14.09,14.134,13.868,14.09,11576,0
ARH,D,20200601,000000,14.09,14.887,14.09,14.799,7680,0
ARH,D,20200602,000000,13.47,15.153,13.47,15.153,29929,0
ARH,D,20200603,000000,15.242,15.907,15.153,15.907,5637,0
ARH,D,20200604,000000,15.907,16.66,15.818,16.128,15423,0
ARH,D,20200605,000000,15.951,16.394,15.685,16.394,4354,0
ARH,D,20200608,000000,16.305,16.438,15.774,16.172,4394,0
ARH,D,20200609,000000,15.862,16.04,15.375,15.951,1558,0
ARH,D,20200610,000000,15.375,15.464,14.887,15.242,2132,0
ARH,D,20200612,000000,14.887,14.887,14.267,14.887,4164,0
ARH,D,20200615,000000,14.71,14.887,14.622,14.799,371,0
ARH,D,20200616,000000,14.887,15.508,14.887,15.508,1305,0
ARH,D,20200617,000000,15.419,15.508,15.419,15.464,411,0
ARH,D,20200618,000000,15.464,15.464,15.065,15.464,541,0
ARH,D,20200619,000000,14.976,15.419,14.799,15.331,801,0
ARH,D,20200622,000000,15.242,16.128,14.71,16.04,14968,0
ARH,D,20200623,000000,15.596,16.04,15.596,15.774,328,0
ARH,D,20200624,000000,16.217,16.305,15.685,15.862,3814,0
ARH,D,20200625,000000,15.951,15.951,15.419,15.552,3120,0
ARH,D,20200626,000000,15.508,15.729,15.109,15.375,2928,0
ARH,D,20200629,000000,15.153,15.153,15.109,15.153,1171,0
ARH,D,20200630,000000,15.153,15.508,15.065,15.508,1680,0
ARH,D,20200701,000000,15.508,15.508,14.887,15.508,286,0
ARH,D,20200702,000000,15.065,15.419,15.065,15.419,84,0
ARH,D,20200703,000000,15.153,15.419,15.153,15.375,1615,0
ARH,D,20200706,000000,15.242,15.419,15.065,15.419,673,0
ARH,D,20200707,000000,15.419,15.419,15.419,15.419,90,0
ARH,D,20200708,000000,15.419,15.419,14.799,15.419,422,0
ARH,D,20200709,000000,15.065,16.394,15.065,16.04,1072,0
ARH,D,20200710,000000,16.04,16.04,15.508,15.818,504,0
ARH,D,20200713,000000,15.153,15.951,15.065,15.419,2360,0
ARH,D,20200714,000000,15.065,15.375,14.976,15.242,3838,0
ARH,D,20200715,000000,15.065,15.242,14.976,15.242,1302,0
ARH,D,20200716,000000,15.331,15.331,14.799,14.799,3805,0
ARH,D,20200717,000000,14.622,14.887,14.267,14.887,2764,0
ARH,D,20200720,000000,14.887,16.748,14.223,16.305,35914,0
ARH,D,20200721,000000,16.483,16.704,15.951,16.704,24506,0
ARH,D,20200722,000000,16.704,16.704,16.217,16.394,4977,0
ARH,D,20200723,000000,16.66,16.66,16.394,16.66,23068,0
ARH,D,20200724,000000,16.66,16.66,16.128,16.483,1670,0
ARH,D,20200727,000000,16.571,16.748,16.084,16.128,4169,0
ARH,D,20200728,000000,16.084,16.66,15.153,16.128,3962,0
ARH,D,20200729,000000,16.217,16.217,14.976,15.508,5344,0
ARH,D,20200730,000000,15.242,15.242,14.001,15.065,8065,0
ARH,D,20200731,000000,14.71,16.084,14.179,16.084,11185,0
ARH,D,20200803,000000,16.084,16.305,15.951,16.128,4264,0
ARH,D,20200804,000000,16.128,16.616,15.951,16.527,5632,0
ARH,D,20200805,000000,16.748,17.103,16.748,16.837,5647,0
ARH,D,20200806,000000,16.97,17.635,16.394,17.59,17176,0
ARH,D,20200807,000000,17.635,17.635,17.014,17.28,12133,0
ARH,D,20200810,000000,17.014,17.546,16.926,17.192,5151,0
ARH,D,20200811,000000,17.192,17.369,17.014,17.369,823,0
ARH,D,20200812,000000,17.369,17.369,16.748,16.926,1995,0
ARH,D,20200813,000000,16.748,16.748,16.483,16.483,5207,0
ARH,D,20200814,000000,16.394,16.394,16.394,16.394,214,0
ARH,D,20200817,000000,16.394,16.926,16.394,16.483,516,0
ARH,D,20200818,000000,16.483,16.571,16.394,16.571,2456,0
ARH,D,20200819,000000,16.571,16.571,16.394,16.527,21567,0
ARH,D,20200820,000000,16.483,16.748,16.483,16.66,799,0
ARH,D,20200821,000000,16.527,16.527,16.527,16.527,181,0
ARH,D,20200824,000000,16.483,16.837,16.483,16.837,418,0
ARH,D,20200825,000000,16.837,16.837,16.66,16.66,898,0
ARH,D,20200826,000000,16.66,16.837,16.35,16.837,648,0
ARH,D,20200827,000000,16.837,16.837,16.483,16.837,269,0
ARH,D,20200828,000000,16.66,16.748,16.66,16.748,227,0
ARH,D,20200831,000000,16.748,16.748,16.438,16.438,2212,0
ARH,D,20200901,000000,16.128,16.527,15.951,16.394,982,0
ARH,D,20200902,000000,16.394,16.394,15.951,16.172,134,0
ARH,D,20200903,000000,15.951,15.951,15.331,15.685,62430,0
ARH,D,20200904,000000,15.685,15.685,15.331,15.596,352,0
ARH,D,20200907,000000,15.419,15.596,15.419,15.596,96,0
ARH,D,20200908,000000,15.375,15.862,15.065,15.464,1706,0
ARH,D,20200909,000000,14.976,15.464,14.976,15.464,436,0
ARH,D,20200910,000000,15.464,15.464,15.464,15.464,8,0
ARH,D,20200911,000000,15.419,15.419,15.065,15.065,532,0
ARH,D,20200914,000000,14.976,15.153,14.799,15.153,3972,0
ARH,D,20200915,000000,15.153,15.153,14.755,15.153,179,0
ARH,D,20200916,000000,14.622,15.065,14.622,15.065,532,0
ARH,D,20200917,000000,15.153,16.616,15.153,16.394,33267,0
ARH,D,20200918,000000,16.394,16.793,15.951,16.571,57230,0
ARH,D,20200921,000000,16.571,16.571,15.685,16.571,1922,0
ARH,D,20200922,000000,16.527,16.571,16.527,16.571,292,0
ARH,D,20200923,000000,16.128,16.527,15.951,15.951,3300,0
ARH,D,20200924,000000,15.729,15.729,15.153,15.596,886,0
ARH,D,20200925,000000,15.419,15.862,15.419,15.862,5048,0
ARH,D,20200928,000000,15.951,16.128,15.596,16.128,433,0
ARH,D,20200929,000000,15.951,16.084,15.951,16.084,5956,0
ARH,D,20200930,000000,16.04,16.084,15.419,16.04,152,0
ARH,D,20201001,000000,16.04,16.128,16.04,16.128,378,0
ARH,D,20201002,000000,16.128,16.128,15.818,15.818,434,0
ARH,D,20201005,000000,15.596,15.818,15.419,15.419,3178,0
ARH,D,20201006,000000,15.596,15.774,15.065,15.065,3812,0
ARH,D,20201007,000000,15.331,15.331,14.843,14.843,2861,0
ARH,D,20201008,000000,14.843,15.685,14.843,15.596,38723,0
ARH,D,20201009,000000,16.305,16.527,16.128,16.438,17747,0
ARH,D,20201012,000000,16.483,16.748,16.394,16.748,88043,0
ARH,D,20201013,000000,16.793,16.793,16.704,16.704,4276,0
ARH,D,20201014,000000,16.704,16.748,16.527,16.616,5845,0
ARH,D,20201015,000000,16.616,16.748,16.394,16.616,3287,0
ARH,D,20201016,000000,16.616,16.748,16.527,16.748,4858,0
ARH,D,20201019,000000,16.793,16.793,16.66,16.748,3829,0
ARH,D,20201020,000000,16.748,16.748,16.527,16.748,3933,0
ARH,D,20201021,000000,16.704,16.748,16.483,16.748,5747,0
ARH,D,20201022,000000,16.748,16.748,16.394,16.438,7719,0
ARH,D,20201023,000000,16.571,16.837,16.571,16.748,3900,0
ARH,D,20201026,000000,16.837,17.103,16.571,16.66,17034,0
ARH,D,20201027,000000,16.66,16.748,16.527,16.616,17043,0
ARH,D,20201028,000000,16.616,16.66,15.508,15.862,9604,0
ARH,D,20201029,000000,15.685,15.774,15.286,15.508,9620,0
ARH,D,20201030,000000,15.596,16.261,15.508,16.04,4069,0
ARH,D,20201102,000000,16.261,16.837,16.172,16.394,2979,0
ARH,D,20201103,000000,16.837,16.837,16.084,16.217,7447,0
ARH,D,20201104,000000,16.35,16.837,16.35,16.837,1110,0
ARH,D,20201105,000000,16.837,16.837,16.793,16.793,4441,0
ARH,D,20201106,000000,16.793,16.881,16.793,16.837,3818,0
ARH,D,20201109,000000,16.881,18.432,16.881,17.812,17980,0
ARH,D,20201110,000000,17.812,18.166,17.635,18.166,29413,0
ARH,D,20201112,000000,18.166,18.166,18.078,18.166,11984,0
ARH,D,20201113,000000,18.166,18.166,18.078,18.166,23227,0
ARH,D,20201116,000000,18.166,19.052,18.078,19.052,42794,0
ARH,D,20201117,000000,19.141,19.939,19.141,19.673,58198,0
ARH,D,20201118,000000,20.204,20.204,19.673,19.85,28907,0
ARH,D,20201119,000000,20,20.6,18.1,20.2,96267,0
ARH,D,20201120,000000,20.5,20.5,19.95,20.2,26081,0
ARH,D,20201123,000000,19.9,21,18.7,20.5,57754,0
ARH,D,20201124,000000,20.5,20.5,20.2,20.5,9799,0
ARH,D,20201125,000000,20.5,20.6,20,20.6,13628,0
ARH,D,20201126,000000,20.3,20.6,20.1,20.2,3399,0
ARH,D,20201127,000000,20.1,20.6,20,20.5,22080,0
ARH,D,20201130,000000,20.5,20.5,20,20.4,2735,0
ARH,D,20201201,000000,20.4,20.4,19.7,20.2,5166,0
ARH,D,20201202,000000,20,20.3,20,20.1,1803,0
ARH,D,20201203,000000,20,20.2,19.8,20.1,943,0
ARH,D,20201204,000000,20.2,20.7,20,20.6,6243,0
ARH,D,20201207,000000,20.7,20.7,20,20.4,3010,0
ARH,D,20201208,000000,20.1,20.7,20.1,20.5,11995,0
ARH,D,20201209,000000,20.5,20.6,20.3,20.5,18459,0
ARH,D,20201210,000000,20.6,20.6,20.2,20.5,25203,0
ARH,D,20201211,000000,20.4,20.4,20.1,20.4,4957,0
ARH,D,20201214,000000,20.1,20.5,20.1,20.5,31367,0
ARH,D,20201215,000000,20.5,20.5,20.1,20.5,70684,0
ARH,D,20201216,000000,20.5,21.9,20.3,21.2,15602,0
ARH,D,20201217,000000,21.5,21.6,21.2,21.4,4409,0
ARH,D,20201218,000000,21.3,21.8,21.2,21.8,9531,0
ARH,D,20201221,000000,21.5,21.8,21.1,21.8,4810,0
ARH,D,20201222,000000,21.8,22,21.8,22,8904,0
ARH,D,20201223,000000,22,22.1,21.9,22.1,16316,0
ARH,D,20201228,000000,22.1,23.5,22.1,23.1,7049,0
ARH,D,20201229,000000,23.5,23.5,23,23.4,5898,0
ARH,D,20201230,000000,23,23.4,22.8,23.1,4383,0
ARH,D,20210104,000000,23.5,23.5,22.8,22.8,4680,0
ARH,D,20210105,000000,22.7,22.9,22.7,22.9,2509,0
ARH,D,20210107,000000,22.9,23.4,22.8,23,12307,0
ARH,D,20210108,000000,23,24,22.6,23.9,31835,0
ARH,D,20210111,000000,23.7,26,23,24.9,11635,0
ARH,D,20210112,000000,24.9,25.1,23.7,24.5,47189,0
ARH,D,20210113,000000,24.5,24.5,22.7,23.7,8547,0
ARH,D,20210114,000000,23.7,24.4,23.7,24,1066,0
ARH,D,20210115,000000,24.3,24.3,23,23.3,5899,0
ARH,D,20210118,000000,23.6,24.4,23.3,24.3,3629,0
ARH,D,20210119,000000,24.3,24.3,23.7,24.2,1024,0
ARH,D,20210120,000000,23.8,24.2,23.8,24,1341,0
ARH,D,20210121,000000,24.3,24.4,24,24.2,1384,0
ARH,D,20210122,000000,24.2,24.4,24,24.4,3054,0
ARH,D,20210125,000000,24.5,25,23.4,24,4646,0
ARH,D,20210126,000000,23.9,24,23.8,24,543,0
ARH,D,20210127,000000,23.8,23.8,22.8,23,2042,0
ARH,D,20210128,000000,22.5,23.4,21.1,22.9,13168,0
ARH,D,20210129,000000,22.5,22.7,22.2,22.7,4823,0
ARH,D,20210201,000000,22.5,23,22.5,23,2369,0
ARH,D,20210202,000000,23.2,23.4,22.5,23,4862,0
ARH,D,20210203,000000,23,23.2,22.5,23,2063,0
ARH,D,20210204,000000,22.6,23,22.6,23,2065,0
ARH,D,20210205,000000,23,23.5,22.9,23.4,5740,0
