<TICKER>,<PER>,<DATE>,<TIME>,<OPEN>,<HIGH>,<LOW>,<CLOSE>,<VOL>,<OPENINT>
CDL,D,20141028,000000,12.086,12.244,11.77,12.039,61176,0
CDL,D,20141029,000000,12.045,12.158,12.007,12.148,14354,0
CDL,D,20141030,000000,12.148,12.718,12.148,12.718,22583,0
CDL,D,20141031,000000,12.829,13.271,12.829,13.263,24000,0
CDL,D,20141103,000000,13.326,13.816,13.271,13.422,21358,0
CDL,D,20141104,000000,13.65,13.65,12.971,12.971,9628,0
CDL,D,20141105,000000,12.971,13.231,12.971,13.175,2156,0
CDL,D,20141106,000000,13.153,13.153,12.955,13.153,3149,0
CDL,D,20141107,000000,13.113,13.428,12.733,13.428,15950,0
CDL,D,20141110,000000,13.389,13.769,13.082,13.666,2682,0
CDL,D,20141112,000000,13.579,13.942,13.579,13.942,3775,0
CDL,D,20141113,000000,14.045,14.606,14.045,14.534,3163,0
CDL,D,20141114,000000,14.74,15.009,14.464,14.93,7500,0
CDL,D,20141117,000000,15.087,15.798,15.087,15.404,12469,0
CDL,D,20141118,000000,15.561,15.561,15.247,15.426,2315,0
CDL,D,20141119,000000,15.016,15.111,14.692,15.009,4802,0
CDL,D,20141120,000000,15.009,15.009,14.851,15.009,3665,0
CDL,D,20141121,000000,14.858,15.009,14.858,15.009,3238,0
CDL,D,20141124,000000,15.009,15.324,14.614,15.167,7000,0
CDL,D,20141125,000000,15.001,15.001,14.614,14.851,2145,0
CDL,D,20141126,000000,15.001,15.009,14.851,14.851,2926,0
CDL,D,20141127,000000,15.404,15.404,15.167,15.317,291,0
CDL,D,20141128,000000,15.167,15.404,15.158,15.158,87,0
CDL,D,20141201,000000,15.009,15.009,15.009,15.009,633,0
CDL,D,20141202,000000,15.009,15.087,15.009,15.087,284,0
CDL,D,20141203,000000,14.614,15.009,14.534,14.993,2263,0
CDL,D,20141204,000000,15.001,15.001,14.851,14.851,678,0
CDL,D,20141205,000000,14.851,14.93,13.705,14.1,5456,0
CDL,D,20141208,000000,14.14,14.614,14.14,14.455,1178,0
CDL,D,20141209,000000,14.496,14.692,14.219,14.692,975,0
CDL,D,20141210,000000,14.692,14.692,14.219,14.534,1637,0
CDL,D,20141211,000000,14.534,14.534,13.823,14.265,2900,0
CDL,D,20141212,000000,14.219,14.219,13.823,14.196,1898,0
CDL,D,20141215,000000,14.368,14.368,14.368,14.368,5,0
CDL,D,20141216,000000,13.982,13.982,13.594,13.982,5443,0
CDL,D,20141217,000000,13.974,13.974,12.978,13.823,6268,0
CDL,D,20141218,000000,13.934,13.934,13.033,13.033,2108,0
CDL,D,20141219,000000,13.049,14.526,13.049,14.526,4352,0
CDL,D,20141222,000000,14.448,14.448,13.823,14.368,344,0
CDL,D,20141223,000000,14.329,14.329,13.823,14.203,297,0
CDL,D,20141229,000000,14.203,14.203,13.823,14.061,145,0
CDL,D,20141230,000000,14.053,14.053,14.053,14.053,26,0
CDL,D,20150102,000000,14.219,14.219,14.219,14.219,37,0
CDL,D,20150105,000000,14.211,14.448,13.823,14.13,221,0
CDL,D,20150107,000000,14.219,14.219,14.219,14.219,5,0
CDL,D,20150108,000000,14.203,14.416,14.14,14.219,1442,0
CDL,D,20150109,000000,14.219,14.448,13.745,13.745,2001,0
CDL,D,20150112,000000,13.745,14.061,13.705,14.061,2099,0
CDL,D,20150113,000000,14.211,14.219,14.14,14.211,463,0
CDL,D,20150114,000000,14.093,14.093,13.823,13.823,61,0
CDL,D,20150115,000000,13.468,14.1,13.033,13.934,1755,0
CDL,D,20150116,000000,13.934,14.053,13.934,14.053,197,0
CDL,D,20150119,000000,14.14,14.14,14.1,14.1,83,0
CDL,D,20150120,000000,14.045,14.061,14.045,14.061,11,0
CDL,D,20150121,000000,13.974,13.974,13.587,13.942,8908,0
CDL,D,20150122,000000,13.903,13.903,13.428,13.428,305,0
CDL,D,20150123,000000,13.428,13.428,12.758,12.875,11028,0
CDL,D,20150126,000000,13.153,13.153,12.481,12.861,13293,0
CDL,D,20150127,000000,12.995,12.995,12.796,12.796,164,0
CDL,D,20150128,000000,12.916,13.033,12.758,13.018,3962,0
CDL,D,20150129,000000,12.916,13.033,12.916,13.033,437,0
CDL,D,20150130,000000,13.072,13.271,12.875,13.113,4276,0
CDL,D,20150202,000000,13.255,13.255,12.44,13.072,1163,0
CDL,D,20150203,000000,13.088,13.088,12.638,12.962,475,0
CDL,D,20150204,000000,13.002,13.002,12.582,12.582,1575,0
CDL,D,20150205,000000,12.638,12.875,12.512,12.512,7083,0
CDL,D,20150206,000000,12.512,13.579,12.481,13.113,7957,0
CDL,D,20150209,000000,13.903,13.903,12.805,13.271,3649,0
CDL,D,20150210,000000,13.049,13.31,12.638,12.939,7310,0
CDL,D,20150211,000000,12.648,12.789,12.52,12.52,5852,0
CDL,D,20150212,000000,12.718,12.718,11.998,12.126,3957,0
CDL,D,20150213,000000,12.244,12.481,12.244,12.481,1546,0
CDL,D,20150216,000000,12.505,12.505,12.165,12.481,605,0
CDL,D,20150217,000000,12.481,12.481,12.102,12.102,1497,0
CDL,D,20150218,000000,12.244,12.481,12.244,12.481,2159,0
CDL,D,20150219,000000,12.505,13.295,12.505,13.033,2214,0
CDL,D,20150220,000000,13.033,13.351,13.033,13.033,2343,0
CDL,D,20150223,000000,12.654,13.002,12.648,12.995,1133,0
CDL,D,20150224,000000,12.995,12.995,12.638,12.638,4735,0
CDL,D,20150225,000000,12.718,12.718,12.481,12.489,3337,0
CDL,D,20150226,000000,12.718,12.718,12.52,12.718,1255,0
CDL,D,20150227,000000,12.718,13.271,12.481,12.481,16475,0
CDL,D,20150302,000000,12.481,12.875,12.323,12.836,5693,0
CDL,D,20150303,000000,12.638,12.875,12.638,12.638,3334,0
CDL,D,20150304,000000,12.496,12.638,12.323,12.512,3099,0
CDL,D,20150305,000000,12.638,12.789,12.638,12.789,4213,0
CDL,D,20150306,000000,13.002,13.002,12.796,12.907,3568,0
CDL,D,20150309,000000,12.962,13.002,12.638,12.638,3542,0
CDL,D,20150311,000000,12.796,12.796,12.638,12.638,642,0
CDL,D,20150312,000000,12.282,12.638,12.282,12.638,101,0
CDL,D,20150313,000000,12.401,12.411,12.401,12.401,7284,0
CDL,D,20150316,000000,12.718,12.718,12.411,12.411,20,0
CDL,D,20150317,000000,12.638,12.638,12.638,12.638,32,0
CDL,D,20150318,000000,12.758,13.033,12.758,13.033,822,0
CDL,D,20150319,000000,12.995,13.555,12.995,13.555,4598,0
CDL,D,20150320,000000,13.555,15.324,13.555,14.969,47303,0
CDL,D,20150323,000000,15.009,15.009,14.242,14.969,9745,0
CDL,D,20150324,000000,14.969,14.969,14.337,14.448,5614,0
CDL,D,20150325,000000,14.416,14.534,14.416,14.455,1158,0
CDL,D,20150326,000000,14.377,14.614,14.14,14.44,7288,0
CDL,D,20150327,000000,14.455,14.621,14.259,14.337,15334,0
CDL,D,20150330,000000,14.337,14.598,14.337,14.598,1170,0
CDL,D,20150331,000000,14.606,14.606,14.219,14.219,6702,0
CDL,D,20150401,000000,14.368,14.368,13.823,14.053,4700,0
CDL,D,20150402,000000,14.037,14.037,13.191,13.539,6880,0
CDL,D,20150407,000000,13.61,13.974,13.61,13.816,9378,0
CDL,D,20150408,000000,13.816,14.211,13.816,13.927,14187,0
CDL,D,20150409,000000,14.125,14.125,13.76,13.76,5737,0
CDL,D,20150410,000000,13.76,13.974,13.68,13.966,1411,0
CDL,D,20150413,000000,13.705,13.863,13.69,13.769,1722,0
CDL,D,20150414,000000,13.769,13.776,13.752,13.752,411,0
CDL,D,20150415,000000,13.736,13.736,13.437,13.705,3017,0
CDL,D,20150416,000000,13.666,13.666,13.547,13.547,3659,0
CDL,D,20150417,000000,13.547,13.982,13.547,13.982,1134,0
CDL,D,20150420,000000,13.974,13.974,13.674,13.903,4368,0
CDL,D,20150421,000000,14.196,14.196,13.65,14.053,1491,0
CDL,D,20150422,000000,14.053,14.053,13.69,13.894,1388,0
CDL,D,20150423,000000,13.966,13.966,13.959,13.959,455,0
CDL,D,20150424,000000,13.911,13.911,13.823,13.887,1038,0
CDL,D,20150427,000000,13.927,13.927,13.428,13.745,5485,0
CDL,D,20150428,000000,13.863,13.863,13.428,13.603,1813,0
CDL,D,20150429,000000,13.752,13.752,13.428,13.428,2401,0
CDL,D,20150430,000000,13.428,13.658,13.295,13.658,2519,0
CDL,D,20150504,000000,13.745,13.745,13.57,13.57,322,0
CDL,D,20150505,000000,13.57,13.69,13.57,13.666,1952,0
CDL,D,20150506,000000,13.736,14.179,13.666,14.179,9536,0
CDL,D,20150507,000000,14.464,14.574,14.219,14.329,5291,0
CDL,D,20150508,000000,14.526,14.526,14.219,14.321,2611,0
CDL,D,20150511,000000,14.061,14.329,14.061,14.329,697,0
CDL,D,20150512,000000,14.219,14.219,13.863,14.211,3491,0
CDL,D,20150513,000000,14.203,14.203,13.68,14.061,3057,0
CDL,D,20150514,000000,14.061,14.061,13.484,13.823,6405,0
CDL,D,20150515,000000,13.271,13.302,12.244,12.9,26951,0
CDL,D,20150518,000000,12.9,13.816,12.875,13.816,12609,0
CDL,D,20150519,000000,13.705,13.823,13.547,13.587,1134,0
CDL,D,20150520,000000,13.784,13.784,13.033,13.12,6521,0
CDL,D,20150521,000000,13.532,13.532,13.153,13.46,1181,0
CDL,D,20150522,000000,13.46,13.625,13.12,13.508,4174,0
CDL,D,20150525,000000,13.549,13.755,13.425,13.425,321,0
CDL,D,20150526,000000,13.309,13.615,13.309,13.615,437,0
CDL,D,20150527,000000,13.598,13.607,13.383,13.383,1941,0
CDL,D,20150528,000000,13.383,13.383,13.383,13.383,968,0
CDL,D,20150529,000000,13.309,13.457,13.218,13.457,1297,0
CDL,D,20150601,000000,13.236,13.236,12.393,12.722,8043,0
CDL,D,20150602,000000,12.806,12.93,12.806,12.806,1303,0
CDL,D,20150603,000000,13.053,13.053,12.722,12.722,1515,0
CDL,D,20150605,000000,12.557,12.557,12.434,12.434,1117,0
CDL,D,20150608,000000,12.441,13.368,12.434,13.119,3205,0
CDL,D,20150609,000000,12.516,12.888,12.475,12.475,2263,0
CDL,D,20150610,000000,13.012,13.029,12.475,12.971,676,0
CDL,D,20150611,000000,12.947,13.012,12.533,13.012,4309,0
CDL,D,20150612,000000,13.036,13.036,12.69,12.764,375,0
CDL,D,20150615,000000,13.045,13.045,13.045,13.045,61,0
CDL,D,20150616,000000,12.806,12.806,12.649,12.806,726,0
CDL,D,20150617,000000,12.806,12.971,12.806,12.806,523,0
CDL,D,20150618,000000,12.806,12.806,12.649,12.649,164,0
CDL,D,20150619,000000,12.649,12.682,12.649,12.682,61,0
CDL,D,20150622,000000,13.012,13.012,13.012,13.012,5,0
CDL,D,20150623,000000,12.682,12.921,12.682,12.921,641,0
CDL,D,20150624,000000,12.93,12.93,12.722,12.722,1299,0
CDL,D,20150625,000000,12.88,12.88,12.557,12.855,111,0
CDL,D,20150626,000000,12.863,12.863,12.434,12.516,2125,0
CDL,D,20150629,000000,12.434,12.434,11.691,12.351,3101,0
CDL,D,20150630,000000,11.708,12.351,11.708,12.351,197,0
CDL,D,20150701,000000,12.062,12.599,11.979,12.599,2191,0
CDL,D,20150702,000000,12.599,13.128,12.599,13.128,4547,0
CDL,D,20150703,000000,13.137,13.137,12.821,12.821,714,0
CDL,D,20150706,000000,13.045,13.045,12.475,12.475,106,0
CDL,D,20150707,000000,12.475,12.516,12.475,12.499,79,0
CDL,D,20150708,000000,12.971,12.971,12.483,12.971,1065,0
CDL,D,20150709,000000,13.012,13.02,13.012,13.02,235,0
CDL,D,20150710,000000,13.202,13.202,13.202,13.202,132,0
CDL,D,20150713,000000,13.211,13.211,12.806,12.806,617,0
CDL,D,20150714,000000,12.971,12.971,12.557,12.806,20,0
CDL,D,20150715,000000,13.053,13.053,12.565,13.002,375,0
CDL,D,20150716,000000,13.045,13.045,12.574,12.971,1363,0
CDL,D,20150717,000000,13.177,13.177,12.516,13.012,128,0
CDL,D,20150720,000000,12.516,12.715,11.797,12.235,2047,0
CDL,D,20150721,000000,12.599,12.599,11.979,12.02,1282,0
CDL,D,20150722,000000,11.979,11.979,11.979,11.979,458,0
CDL,D,20150723,000000,12.632,12.632,12.393,12.393,87,0
CDL,D,20150724,000000,12.722,12.722,12.393,12.475,119,0
CDL,D,20150727,000000,12.475,12.855,12.475,12.855,166,0
CDL,D,20150728,000000,12.806,12.806,12.806,12.806,370,0
CDL,D,20150729,000000,12.806,12.806,12.806,12.806,57,0
CDL,D,20150730,000000,12.806,13.086,12.806,13.086,377,0
CDL,D,20150731,000000,12.871,12.871,11.988,12.632,1377,0
CDL,D,20150803,000000,12.64,12.64,12.475,12.64,968,0
CDL,D,20150804,000000,12.483,12.483,12.475,12.475,1069,0
CDL,D,20150806,000000,12.475,12.475,12.269,12.393,458,0
CDL,D,20150807,000000,12.632,12.797,12.632,12.797,1237,0
CDL,D,20150810,000000,12.797,12.921,12.682,12.921,3380,0
CDL,D,20150811,000000,12.971,12.971,12.93,12.93,450,0
CDL,D,20150812,000000,12.971,12.971,12.821,12.921,56,0
CDL,D,20150813,000000,12.425,12.921,12.425,12.921,4,0
CDL,D,20150814,000000,12.806,12.806,12.764,12.806,83,0
CDL,D,20150817,000000,13.119,13.624,13.119,13.524,55963,0
CDL,D,20150818,000000,13.582,13.582,13.252,13.425,2813,0
CDL,D,20150819,000000,13.499,13.499,13.202,13.202,62674,0
CDL,D,20150820,000000,13.218,13.243,12.831,13.137,873,0
CDL,D,20150821,000000,13.383,13.383,13.383,13.383,3,0
CDL,D,20150824,000000,13.177,13.177,12.277,12.525,8809,0
CDL,D,20150825,000000,12.706,12.706,12.393,12.591,2270,0
CDL,D,20150826,000000,12.656,12.748,12.343,12.748,1742,0
CDL,D,20150827,000000,12.748,13.053,12.64,13.053,20580,0
CDL,D,20150828,000000,13.053,13.218,13.053,13.218,1300,0
CDL,D,20150831,000000,13.211,13.211,12.698,13.137,1367,0
CDL,D,20150901,000000,13.137,13.137,12.483,13.053,3878,0
CDL,D,20150902,000000,13.053,13.053,12.722,12.722,364,0
CDL,D,20150903,000000,12.722,13.243,12.722,13.218,4755,0
CDL,D,20150904,000000,13.218,13.524,13.218,13.301,8182,0
CDL,D,20150907,000000,13.186,13.301,13.186,13.301,2092,0
CDL,D,20150908,000000,13.45,13.45,13.218,13.218,1466,0
CDL,D,20150909,000000,13.218,13.524,13.218,13.524,604,0
CDL,D,20150910,000000,13.54,13.54,13.227,13.227,195,0
CDL,D,20150911,000000,13.227,13.524,13.218,13.218,848,0
CDL,D,20150914,000000,13.218,13.533,13.218,13.227,2059,0
CDL,D,20150915,000000,13.218,13.259,13.218,13.218,2833,0
CDL,D,20150916,000000,13.218,13.218,13.218,13.218,3755,0
CDL,D,20150917,000000,13.218,13.218,13.218,13.218,951,0
CDL,D,20150918,000000,12.904,13.218,12.904,13.218,138,0
CDL,D,20150921,000000,13.383,13.383,13.218,13.218,967,0
CDL,D,20150922,000000,13.368,13.368,13.218,13.301,6173,0
CDL,D,20150923,000000,13.301,13.533,13.301,13.533,740,0
CDL,D,20150924,000000,13.54,13.54,13.54,13.54,13,0
CDL,D,20150925,000000,13.54,13.673,13.54,13.632,2513,0
CDL,D,20150928,000000,13.632,13.632,13.301,13.549,765,0
CDL,D,20150929,000000,13.632,13.632,13.301,13.467,429,0
CDL,D,20150930,000000,13.549,13.549,13.549,13.549,2,0
CDL,D,20151001,000000,13.632,14.152,13.549,14.152,7094,0
CDL,D,20151002,000000,14.152,14.152,13.748,14.061,1271,0
CDL,D,20151005,000000,14.243,14.664,14.078,14.457,1811,0
CDL,D,20151006,000000,14.457,14.78,14.334,14.747,2998,0
CDL,D,20151007,000000,14.755,14.871,14.755,14.863,2803,0
CDL,D,20151008,000000,14.863,14.863,14.573,14.863,408,0
CDL,D,20151009,000000,14.871,15.325,14.871,15.202,5720,0
CDL,D,20151012,000000,15.202,15.788,15.202,15.771,9137,0
CDL,D,20151013,000000,15.771,15.771,15.449,15.531,8573,0
CDL,D,20151014,000000,15.531,15.531,15.202,15.531,1080,0
CDL,D,20151015,000000,15.524,15.531,15.524,15.531,5749,0
CDL,D,20151016,000000,15.531,15.531,15.292,15.366,22141,0
CDL,D,20151019,000000,15.507,15.531,15.507,15.531,5025,0
CDL,D,20151020,000000,15.449,15.449,15.44,15.44,96,0
CDL,D,20151021,000000,15.44,15.615,15.036,15.615,15161,0
CDL,D,20151022,000000,15.697,15.904,15.697,15.697,1694,0
CDL,D,20151023,000000,15.904,15.904,15.738,15.738,137,0
CDL,D,20151026,000000,15.895,15.895,15.895,15.895,31,0
CDL,D,20151027,000000,15.862,15.895,15.615,15.895,3543,0
CDL,D,20151028,000000,15.895,15.895,15.697,15.862,396,0
CDL,D,20151029,000000,15.697,15.895,15.624,15.895,504,0
CDL,D,20151030,000000,15.862,15.862,15.821,15.821,22,0
CDL,D,20151102,000000,15.821,15.821,15.697,15.821,711,0
CDL,D,20151103,000000,15.821,15.821,15.697,15.697,287,0
CDL,D,20151104,000000,15.821,15.862,15.821,15.862,2,0
CDL,D,20151105,000000,15.895,16.028,15.78,15.78,2962,0
CDL,D,20151106,000000,15.78,15.845,15.697,15.845,1314,0
CDL,D,20151109,000000,15.845,15.945,15.845,15.862,734,0
CDL,D,20151110,000000,15.986,15.986,15.78,15.862,1047,0
CDL,D,20151112,000000,15.87,17.217,15.78,16.936,16267,0
CDL,D,20151113,000000,17.184,17.184,16.201,16.201,7242,0
CDL,D,20151116,000000,16.002,16.028,15.953,16.028,4772,0
CDL,D,20151117,000000,15.994,16.342,15.78,15.805,15385,0
CDL,D,20151118,000000,15.813,16.143,15.813,16.11,4239,0
CDL,D,20151119,000000,16.11,16.35,16.102,16.35,8542,0
CDL,D,20151120,000000,16.457,17.44,16.457,17.44,14864,0
CDL,D,20151123,000000,17.556,17.696,17.556,17.638,2079,0
CDL,D,20151124,000000,17.68,17.68,17.349,17.581,770,0
CDL,D,20151125,000000,17.581,19.15,17.581,18.795,7112,0
CDL,D,20151126,000000,18.67,18.67,17.581,18.175,2207,0
CDL,D,20151127,000000,18.011,18.011,17.647,17.763,350,0
CDL,D,20151130,000000,17.77,18.67,17.77,18.67,7013,0
CDL,D,20151201,000000,18.67,18.67,18.175,18.184,1454,0
CDL,D,20151202,000000,18.184,18.588,17.647,17.706,5084,0
CDL,D,20151203,000000,17.706,18.505,17.688,17.894,1493,0
CDL,D,20151204,000000,18.011,18.985,18.011,18.985,4066,0
CDL,D,20151207,000000,18.994,18.994,18.588,18.588,2049,0
CDL,D,20151208,000000,18.588,18.588,18.258,18.258,8472,0
CDL,D,20151209,000000,18.258,18.258,17.788,18.175,414,0
CDL,D,20151210,000000,18.258,18.258,18.143,18.143,235,0
CDL,D,20151211,000000,18.258,18.258,17.169,17.349,6696,0
CDL,D,20151214,000000,17.349,17.349,15.878,16.135,5786,0
CDL,D,20151215,000000,16.185,16.722,16.167,16.722,9144,0
CDL,D,20151216,000000,17.126,17.126,16.523,16.614,2137,0
CDL,D,20151217,000000,16.614,17.258,16.614,16.936,999,0
CDL,D,20151218,000000,17.258,17.556,16.936,17.258,213,0
CDL,D,20151221,000000,17.431,17.431,17.391,17.424,168,0
CDL,D,20151222,000000,17.424,17.424,17.357,17.357,24,0
CDL,D,20151223,000000,17.431,18.389,17.431,18.258,1276,0
CDL,D,20151228,000000,18.258,18.581,18.175,18.581,17223,0
CDL,D,20151229,000000,18.581,19.002,18.573,19.002,1196,0
CDL,D,20151230,000000,19.042,19.646,19.042,19.332,4798,0
CDL,D,20160104,000000,19.332,19.332,19.332,19.332,121,0
CDL,D,20160105,000000,19.332,19.332,18.68,18.829,4611,0
CDL,D,20160107,000000,19.002,19.002,18.175,18.175,521,0
CDL,D,20160108,000000,18.175,18.175,16.689,17.745,1076,0
CDL,D,20160111,000000,17.763,17.763,17.184,17.349,503,0
CDL,D,20160112,000000,17.349,17.606,17.349,17.606,156,0
CDL,D,20160113,000000,17.911,17.911,17.349,17.349,660,0
CDL,D,20160114,000000,17.44,17.44,16.845,17.101,204,0
CDL,D,20160115,000000,16.606,16.936,16.448,16.448,4828,0
CDL,D,20160118,000000,16.35,16.35,15.119,15.119,4409,0
CDL,D,20160119,000000,14.128,15.144,14.128,14.871,20687,0
CDL,D,20160120,000000,15.036,16.267,14.887,16.267,3662,0
CDL,D,20160121,000000,15.771,16.515,14.953,16.515,43861,0
CDL,D,20160122,000000,16.482,16.498,16.482,16.498,14,0
CDL,D,20160125,000000,16.432,16.432,15.97,16.424,128,0
CDL,D,20160126,000000,16.275,16.275,15.697,16.192,4888,0
CDL,D,20160127,000000,16.234,16.234,15.697,16.11,4086,0
CDL,D,20160128,000000,16.061,16.061,15.697,15.697,886,0
CDL,D,20160129,000000,15.706,15.821,15.507,15.821,657,0
CDL,D,20160201,000000,15.821,15.862,15.821,15.862,372,0
CDL,D,20160202,000000,15.862,16.234,15.862,16.234,69,0
CDL,D,20160203,000000,16.234,16.35,16.234,16.35,371,0
CDL,D,20160204,000000,16.35,17.266,15.945,17.266,940,0
CDL,D,20160205,000000,17.217,17.357,17.184,17.341,844,0
CDL,D,20160208,000000,17.266,17.333,16.854,17.333,1699,0
CDL,D,20160209,000000,17.349,17.349,16.977,16.977,149,0
CDL,D,20160210,000000,16.977,18.175,16.977,17.763,3673,0
CDL,D,20160211,000000,17.763,17.763,17.266,17.754,325,0
CDL,D,20160212,000000,17.754,18.175,17.68,18.175,1287,0
CDL,D,20160215,000000,18.175,18.505,17.763,18.175,1919,0
CDL,D,20160216,000000,18.175,18.389,17.935,18.389,232,0
CDL,D,20160217,000000,18.423,18.423,17.846,17.846,801,0
CDL,D,20160218,000000,17.928,18.423,17.803,18.175,316,0
CDL,D,20160219,000000,18.423,18.423,17.688,17.77,4801,0
CDL,D,20160222,000000,17.77,18.102,17.77,18.102,342,0
CDL,D,20160223,000000,18.102,18.414,18.102,18.175,3412,0
CDL,D,20160224,000000,18.423,18.423,18.3,18.3,225,0
CDL,D,20160225,000000,18.423,18.548,18.175,18.175,1545,0
CDL,D,20160226,000000,18.505,18.548,18.175,18.209,691,0
CDL,D,20160229,000000,18.423,18.423,17.688,17.688,363,0
CDL,D,20160301,000000,17.688,18.175,17.688,18.133,250,0
CDL,D,20160302,000000,18.505,18.505,18.423,18.423,19,0
CDL,D,20160303,000000,18.423,18.423,17.696,18.3,393,0
CDL,D,20160304,000000,18.423,18.423,18.34,18.423,1676,0
CDL,D,20160307,000000,18.423,18.423,17.846,18.423,4289,0
CDL,D,20160308,000000,18.423,18.423,18.093,18.34,802,0
CDL,D,20160309,000000,18.423,18.423,18.3,18.408,254,0
CDL,D,20160310,000000,18.408,18.505,18.408,18.505,1369,0
CDL,D,20160311,000000,18.505,18.505,18.423,18.505,110,0
CDL,D,20160314,000000,18.505,18.505,18.34,18.505,808,0
CDL,D,20160315,000000,18.505,18.588,18.505,18.588,823,0
CDL,D,20160316,000000,18.588,18.588,18.588,18.588,52,0
CDL,D,20160317,000000,18.588,18.985,18.49,18.985,1103,0
CDL,D,20160318,000000,18.588,19.002,18.588,19.002,10491,0
CDL,D,20160321,000000,19.183,19.827,19.009,19.827,7098,0
CDL,D,20160322,000000,19.827,19.827,19.497,19.579,4009,0
CDL,D,20160323,000000,19.579,19.579,19.513,19.579,786,0
CDL,D,20160324,000000,19.579,19.579,19.579,19.579,306,0
CDL,D,20160329,000000,19.744,19.827,19.662,19.827,737,0
CDL,D,20160330,000000,19.827,19.827,19.507,19.827,471,0
CDL,D,20160331,000000,19.827,19.827,19.507,19.646,2525,0
CDL,D,20160401,000000,19.564,19.744,18.836,18.994,3834,0
CDL,D,20160404,000000,19.002,19.002,18.761,18.77,2296,0
CDL,D,20160405,000000,18.548,18.548,17.871,18.383,5956,0
CDL,D,20160406,000000,18.753,19.507,18.753,19.497,23922,0
CDL,D,20160407,000000,19.539,21.43,19.539,21.389,12025,0
CDL,D,20160408,000000,21.389,21.645,20.91,21.563,4022,0
CDL,D,20160411,000000,21.48,22.868,21.48,22.719,5070,0
CDL,D,20160412,000000,22.719,23.545,22.719,23.545,36388,0
CDL,D,20160413,000000,23.794,25.843,23.777,25.777,116379,0
CDL,D,20160414,000000,25.767,26.85,25.281,25.281,6107,0
CDL,D,20160415,000000,25.281,26.437,25.281,26.355,12349,0
CDL,D,20160418,000000,26.355,26.437,25.619,26.272,3050,0
CDL,D,20160419,000000,26.189,26.189,24.223,24.991,2701,0
CDL,D,20160420,000000,24.95,24.95,23.926,23.926,2691,0
CDL,D,20160421,000000,23.868,24.207,23.058,23.537,1787,0
CDL,D,20160422,000000,23.537,25.611,22.859,25.446,1155,0
CDL,D,20160425,000000,25.446,25.446,24.785,24.793,32374,0
CDL,D,20160426,000000,24.793,24.793,24.537,24.793,4196,0
CDL,D,20160427,000000,24.793,25.412,24.793,25.412,1617,0
CDL,D,20160428,000000,25.412,25.412,24.553,24.909,900,0
CDL,D,20160429,000000,25.479,26.28,25.479,26.023,2681,0
CDL,D,20160502,000000,26.023,26.023,24.95,26.023,696,0
CDL,D,20160504,000000,26.023,26.023,25.115,25.322,2588,0
CDL,D,20160505,000000,25.197,25.322,25.197,25.322,275,0
CDL,D,20160506,000000,25.611,25.611,25.197,25.197,459,0
CDL,D,20160509,000000,25.197,25.197,24.165,24.165,275,0
CDL,D,20160510,000000,24.785,24.785,24.744,24.744,64,0
CDL,D,20160511,000000,25.611,25.611,24.123,24.123,3894,0
CDL,D,20160512,000000,24.123,24.123,23.579,23.917,353,0
CDL,D,20160513,000000,23.794,24.43,22.736,24.43,4742,0
CDL,D,20160516,000000,24.652,24.652,24,24.603,1787,0
CDL,D,20160517,000000,24.041,24.66,24.041,24.66,1367,0
CDL,D,20160518,000000,24.702,24.702,24.372,24.702,1112,0
CDL,D,20160519,000000,24.702,24.702,24.702,24.702,2673,0
CDL,D,20160520,000000,24.744,24.826,23.876,24.826,252,0
CDL,D,20160523,000000,23.884,24.372,23.884,24.372,449,0
CDL,D,20160524,000000,24.503,24.619,23.958,24.619,6256,0
CDL,D,20160525,000000,24.619,24.702,23.966,24.702,6288,0
CDL,D,20160527,000000,24.702,24.702,24.702,24.702,2543,0
CDL,D,20160530,000000,24.752,24.752,24.619,24.619,6,0
CDL,D,20160531,000000,24.619,24.95,24.619,24.95,4784,0
CDL,D,20160601,000000,25.611,27.75,25.206,26.437,29235,0
CDL,D,20160602,000000,26.429,26.429,25.115,26.189,1306,0
CDL,D,20160603,000000,26.355,27.18,26.016,27.164,3086,0
CDL,D,20160606,000000,26.858,27.18,26.858,27.18,4352,0
CDL,D,20160607,000000,27.18,27.18,26.437,27.173,15037,0
CDL,D,20160608,000000,27.173,27.173,26.338,27.173,1306,0
CDL,D,20160609,000000,27.173,27.173,26.809,26.809,33,0
CDL,D,20160610,000000,26.809,26.809,25.281,26.429,963,0
CDL,D,20160613,000000,26.437,26.437,25.322,26.429,5645,0
CDL,D,20160614,000000,27.173,27.173,25.693,26.355,127,0
CDL,D,20160615,000000,26.924,26.924,25.528,25.611,777,0
CDL,D,20160616,000000,25.611,25.611,24.454,25.52,286,0
CDL,D,20160617,000000,25.511,25.611,25.511,25.611,273,0
CDL,D,20160620,000000,25.602,25.611,25.446,25.446,373,0
CDL,D,20160621,000000,25.363,25.363,25.032,25.032,1250,0
CDL,D,20160622,000000,25.306,25.306,24.702,25.306,63,0
CDL,D,20160623,000000,25.306,25.306,24.405,25.306,243,0
CDL,D,20160624,000000,23.958,24.694,22.554,24.372,3021,0
CDL,D,20160627,000000,24.372,24.38,23.951,23.951,556,0
CDL,D,20160628,000000,24.214,25.023,24.214,24.598,362,0
CDL,D,20160629,000000,24.598,25.278,24.002,24.257,2576,0
CDL,D,20160630,000000,23.916,24.598,23.533,24.598,3854,0
CDL,D,20160701,000000,25.014,25.014,23.831,24.938,368,0
CDL,D,20160704,000000,24.938,25.44,24.257,25.44,564,0
CDL,D,20160705,000000,25.449,26.639,25.449,25.465,558,0
CDL,D,20160706,000000,26.384,26.547,25.482,26.547,620,0
CDL,D,20160707,000000,26.547,26.547,26.547,26.547,2,0
CDL,D,20160708,000000,26.512,27.048,25.967,27.048,473,0
CDL,D,20160711,000000,27.057,28.001,27.057,28.001,984,0
CDL,D,20160712,000000,27.916,27.916,26.81,27.235,637,0
CDL,D,20160713,000000,27.235,27.235,26.384,26.81,505,0
CDL,D,20160714,000000,26.81,26.81,25.789,26.376,5,0
CDL,D,20160715,000000,26.376,26.376,26.299,26.299,2,0
CDL,D,20160718,000000,27.235,27.235,25.534,25.704,813,0
CDL,D,20160719,000000,25.737,27.789,25.737,27.789,1111,0
CDL,D,20160720,000000,27.789,27.789,26.554,27.235,463,0
CDL,D,20160721,000000,27.653,27.763,26.598,27.491,4048,0
CDL,D,20160722,000000,27.619,27.746,27.55,27.738,412,0
CDL,D,20160725,000000,27.66,28.001,26.81,27.235,17136,0
CDL,D,20160726,000000,28.001,28.001,27.746,27.959,1393,0
CDL,D,20160727,000000,28.171,29.261,27.994,28.001,4627,0
CDL,D,20160728,000000,28.299,28.299,28.257,28.257,6,0
CDL,D,20160729,000000,28.257,28.325,28.257,28.257,924,0
CDL,D,20160801,000000,29.184,29.184,28.938,28.938,1145,0
CDL,D,20160802,000000,28.001,28.929,27.84,28.921,318,0
CDL,D,20160803,000000,29.244,29.244,28.086,28.929,245,0
CDL,D,20160804,000000,28.938,28.938,27.746,28.938,7932,0
CDL,D,20160805,000000,28.938,28.938,28.086,28.086,413,0
CDL,D,20160808,000000,28.086,28.359,27.66,28.359,6787,0
CDL,D,20160809,000000,28.367,28.589,27.287,28.086,839,0
CDL,D,20160810,000000,28.921,28.921,27.329,28.589,343,0
CDL,D,20160811,000000,28.921,28.921,27.499,28.597,270,0
CDL,D,20160812,000000,28.504,28.504,25.789,27.193,8369,0
CDL,D,20160816,000000,27.185,27.193,26.393,26.81,476,0
CDL,D,20160817,000000,26.724,26.724,24.299,24.98,7065,0
CDL,D,20160818,000000,24.98,26.376,24.98,26.376,367,0
CDL,D,20160819,000000,26.316,26.469,25.031,25.534,3573,0
CDL,D,20160822,000000,25.534,25.875,25.125,25.857,248,0
CDL,D,20160823,000000,25.857,25.857,25.823,25.823,19,0
CDL,D,20160824,000000,25.814,25.814,24.725,25.711,760,0
CDL,D,20160825,000000,25.711,25.711,24.775,25.534,758,0
CDL,D,20160826,000000,25.618,25.618,24.725,25.525,1901,0
CDL,D,20160829,000000,25.108,25.253,24.682,25.243,704,0
CDL,D,20160830,000000,25.243,25.243,24.342,25.108,1392,0
CDL,D,20160831,000000,25.108,25.108,24.682,24.853,1237,0
CDL,D,20160901,000000,25.1,25.108,24.087,25.023,16470,0
CDL,D,20160902,000000,25.278,25.278,24.682,25.108,12295,0
CDL,D,20160905,000000,25.525,26.554,25.287,26.554,4925,0
CDL,D,20160906,000000,26.708,27.321,26.708,27.235,3334,0
CDL,D,20160907,000000,27.321,27.321,26.853,27.278,799,0
CDL,D,20160908,000000,27.321,27.321,26.895,27.235,1303,0
CDL,D,20160909,000000,27.516,27.516,26.895,27.219,184,0
CDL,D,20160912,000000,26.384,27.15,26.384,27.142,1474,0
CDL,D,20160913,000000,27.209,27.235,27.15,27.235,317,0
CDL,D,20160914,000000,27.235,27.516,26.384,27.516,3817,0
CDL,D,20160915,000000,27.516,27.516,26.384,27.474,1114,0
CDL,D,20160916,000000,27.474,27.474,27.227,27.244,750,0
CDL,D,20160919,000000,27.474,27.474,27.235,27.235,94,0
CDL,D,20160920,000000,27.235,27.235,26.052,27.235,303,0
CDL,D,20160921,000000,27.235,27.278,26.401,27.278,1455,0
CDL,D,20160922,000000,27.235,27.235,26.384,27.065,280,0
CDL,D,20160923,000000,27.235,27.235,27.227,27.227,42,0
CDL,D,20160926,000000,27.227,27.227,26.81,26.81,589,0
CDL,D,20160927,000000,27.227,27.227,26.265,26.724,178,0
CDL,D,20160928,000000,27.227,27.227,25.704,26.724,2523,0
CDL,D,20160929,000000,26.793,26.793,26.724,26.793,531,0
CDL,D,20160930,000000,26.724,27.227,26.384,26.81,933,0
CDL,D,20161003,000000,26.81,27.134,26.81,27.134,1937,0
CDL,D,20161004,000000,27.134,27.66,26.963,27.66,636,0
CDL,D,20161005,000000,27.66,28.171,27.065,27.065,664,0
CDL,D,20161006,000000,27.15,27.576,26.639,27.576,3451,0
CDL,D,20161007,000000,27.491,27.491,27.15,27.15,11,0
CDL,D,20161010,000000,27.235,27.235,26.401,26.401,455,0
CDL,D,20161011,000000,26.81,26.81,26.81,26.81,188,0
CDL,D,20161012,000000,27.235,27.235,26.81,26.81,152,0
CDL,D,20161013,000000,26.554,26.81,26.554,26.81,12437,0
CDL,D,20161014,000000,26.81,26.81,26.316,26.342,131,0
CDL,D,20161017,000000,26.342,26.384,26.062,26.384,3251,0
CDL,D,20161018,000000,26.81,26.81,25.789,25.789,2664,0
CDL,D,20161019,000000,25.789,25.789,25.449,25.618,502,0
CDL,D,20161020,000000,26.819,26.819,25.626,26.81,255,0
CDL,D,20161021,000000,26.827,26.827,25.916,26.827,179,0
CDL,D,20161024,000000,27.15,27.15,26.13,26.13,652,0
CDL,D,20161025,000000,27.15,27.15,26.639,26.639,2,0
CDL,D,20161026,000000,26.639,26.639,26.639,26.639,260,0
CDL,D,20161027,000000,26.639,26.639,25.534,25.96,44,0
CDL,D,20161028,000000,26.639,26.639,26.639,26.639,2,0
CDL,D,20161031,000000,27.235,27.235,26.384,27.235,61,0
CDL,D,20161102,000000,27.235,27.235,25.534,27.185,596,0
CDL,D,20161103,000000,27.185,27.185,26.724,26.724,2,0
CDL,D,20161104,000000,27.175,27.175,25.618,26.639,278,0
CDL,D,20161107,000000,27.185,27.185,26.598,26.598,235,0
CDL,D,20161108,000000,27.142,27.142,26.366,26.366,50,0
CDL,D,20161109,000000,27.142,27.142,26.639,26.639,471,0
CDL,D,20161110,000000,26.921,26.921,25.482,25.96,1163,0
CDL,D,20161114,000000,26.121,26.121,24.682,24.853,2026,0
CDL,D,20161115,000000,25.1,25.1,24.384,24.529,4750,0
CDL,D,20161116,000000,24.513,24.513,22.086,23.814,4614,0
CDL,D,20161117,000000,23.806,23.806,23.066,23.703,1165,0
CDL,D,20161118,000000,23.447,23.447,22.257,22.971,12360,0
CDL,D,20161121,000000,22.895,22.895,22.342,22.895,801,0
CDL,D,20161122,000000,22.886,22.971,22.384,22.971,1161,0
CDL,D,20161123,000000,22.971,22.971,22.971,22.971,269,0
CDL,D,20161124,000000,22.971,22.971,21.873,22.324,5303,0
CDL,D,20161125,000000,21.406,22.214,21.278,22.13,2394,0
CDL,D,20161128,000000,22.291,22.291,21.362,22.291,115,0
CDL,D,20161129,000000,22.291,22.291,21.099,22.104,21,0
CDL,D,20161130,000000,22.095,22.095,21.099,21.099,277,0
CDL,D,20161201,000000,22.086,22.086,21.082,21.278,105,0
CDL,D,20161202,000000,22.086,22.086,21.704,21.704,2,0
CDL,D,20161205,000000,21.704,21.704,21.448,21.448,392,0
CDL,D,20161206,000000,21.278,23.406,21.278,22.98,1501,0
CDL,D,20161207,000000,23.447,24.239,23.235,23.831,7645,0
CDL,D,20161208,000000,24.529,24.529,22.137,23.831,11915,0
CDL,D,20161209,000000,24.529,24.529,23.073,23.406,2574,0
CDL,D,20161212,000000,23.396,23.396,22.971,22.971,477,0
CDL,D,20161213,000000,23.141,23.141,22.13,22.298,3605,0
CDL,D,20161214,000000,22.886,22.886,21.448,21.661,1682,0
CDL,D,20161215,000000,21.661,22.13,21.643,21.643,2809,0
CDL,D,20161216,000000,21.362,21.362,20.946,21.09,1762,0
CDL,D,20161219,000000,21.09,21.346,20.946,21.346,262,0
CDL,D,20161220,000000,21.346,21.346,21.014,21.269,1306,0
CDL,D,20161221,000000,21.346,21.346,21.193,21.193,2,0
CDL,D,20161222,000000,21.346,21.346,21.022,21.022,1237,0
CDL,D,20161223,000000,21.346,22.469,21.329,22.469,9605,0
CDL,D,20161227,000000,22.879,22.879,22.785,22.785,2,0
CDL,D,20161228,000000,22.802,22.802,21.788,22.724,1186,0
CDL,D,20161229,000000,22.776,22.776,22.767,22.767,2,0
CDL,D,20161230,000000,22.879,22.879,22.13,22.257,1775,0
CDL,D,20170102,000000,22.767,22.767,21.466,22.214,1328,0
CDL,D,20170103,000000,22.214,22.214,22.205,22.205,2,0
CDL,D,20170104,000000,22.214,22.214,22.044,22.214,167,0
CDL,D,20170105,000000,21.448,21.865,21.278,21.865,4241,0
CDL,D,20170109,000000,21.865,21.865,21.193,21.193,259,0
CDL,D,20170110,000000,21.865,21.865,21.193,21.448,1927,0
CDL,D,20170111,000000,21.448,21.448,21.065,21.107,726,0
CDL,D,20170112,000000,21.107,21.107,21.107,21.107,1535,0
CDL,D,20170113,000000,21.779,21.779,21.107,21.601,1282,0
CDL,D,20170116,000000,21.618,21.618,21.107,21.601,1581,0
CDL,D,20170117,000000,21.601,21.601,21.107,21.601,55,0
CDL,D,20170118,000000,21.601,21.949,21.107,21.397,3307,0
CDL,D,20170119,000000,22.095,22.095,21.891,21.891,2,0
CDL,D,20170120,000000,21.891,21.891,21.278,21.278,69,0
CDL,D,20170123,000000,21.21,21.21,21.21,21.21,66,0
CDL,D,20170124,000000,21.21,21.21,20.81,20.81,388,0
CDL,D,20170125,000000,20.512,20.682,19.789,20.682,1356,0
CDL,D,20170126,000000,20.682,20.682,20.674,20.674,23,0
CDL,D,20170127,000000,20.682,21.636,20.682,21.636,551,0
CDL,D,20170130,000000,21.891,21.891,21.813,21.891,81,0
CDL,D,20170131,000000,21.891,21.891,21.694,21.694,244,0
CDL,D,20170201,000000,21.694,21.694,21.107,21.278,461,0
CDL,D,20170202,000000,21.439,21.439,21.107,21.107,2,0
CDL,D,20170203,000000,21.107,21.107,20,21.014,13052,0
CDL,D,20170206,000000,21.006,21.006,19.874,20.206,5027,0
CDL,D,20170207,000000,20,20.206,19.49,20.206,2356,0
CDL,D,20170208,000000,20.171,20.171,20,20.171,572,0
CDL,D,20170209,000000,20.171,20.171,19.363,19.372,18899,0
CDL,D,20170210,000000,19.533,19.601,18.902,19.277,17978,0
CDL,D,20170213,000000,19.277,19.405,18.81,19.397,926,0
CDL,D,20170214,000000,18.682,18.895,18.469,18.852,7277,0
CDL,D,20170215,000000,19.005,19.397,19.005,19.397,1901,0
CDL,D,20170216,000000,19.397,21.184,19.15,20.852,4855,0
CDL,D,20170217,000000,20.852,20.852,20.419,20.81,3900,0
CDL,D,20170220,000000,20.597,21.15,20.426,21.15,1725,0
CDL,D,20170221,000000,21.15,21.15,21.15,21.15,182,0
CDL,D,20170222,000000,21.107,21.533,20.742,21.533,5758,0
CDL,D,20170223,000000,21.779,22.384,21.779,22.384,3193,0
CDL,D,20170224,000000,22.428,23.661,22.086,23.661,7114,0
CDL,D,20170227,000000,23.558,23.576,22.223,23.151,555,0
CDL,D,20170228,000000,23.151,23.151,20.861,21.704,5818,0
CDL,D,20170301,000000,22.12,22.964,22.12,22.964,1598,0
CDL,D,20170302,000000,22.964,23.066,22.044,23.066,536,0
CDL,D,20170303,000000,23.141,23.235,22.554,23.235,1626,0
CDL,D,20170306,000000,23.235,23.235,21.491,23.066,2367,0
CDL,D,20170307,000000,23.321,23.321,22.554,22.554,394,0
CDL,D,20170308,000000,23.277,23.277,23.235,23.235,12,0
CDL,D,20170309,000000,21.704,22.724,21.704,22.724,427,0
CDL,D,20170310,000000,22.98,22.98,22.64,22.971,306,0
CDL,D,20170313,000000,22.971,22.971,21.311,21.704,1515,0
CDL,D,20170314,000000,21.158,22.554,21.158,22.554,297,0
CDL,D,20170315,000000,22.512,22.512,21.959,21.959,5,0
CDL,D,20170316,000000,22.971,22.971,21.498,22.469,1185,0
CDL,D,20170317,000000,22.469,22.469,22.01,22.469,4991,0
CDL,D,20170320,000000,21.533,22.571,21.533,22.571,779,0
CDL,D,20170321,000000,22.971,24.665,22.971,23.465,17298,0
CDL,D,20170322,000000,23.474,23.491,23.406,23.406,3514,0
CDL,D,20170323,000000,23.908,23.908,23.406,23.406,506,0
CDL,D,20170324,000000,22.98,23.661,22.98,23.576,201,0
CDL,D,20170327,000000,23.244,23.338,22.597,22.605,9179,0
CDL,D,20170328,000000,23.141,23.151,22.384,22.819,17229,0
CDL,D,20170329,000000,22.98,23.831,22.98,23.831,695,0
CDL,D,20170330,000000,24.248,24.572,23.831,24.572,7264,0
CDL,D,20170331,000000,24.682,24.682,24.564,24.572,1259,0
CDL,D,20170403,000000,24.572,24.853,24.572,24.674,1954,0
CDL,D,20170404,000000,24.853,24.853,24.189,24.572,1347,0
CDL,D,20170405,000000,24.69,27.065,24.572,25.95,6457,0
CDL,D,20170406,000000,25.96,26.036,25.96,25.96,901,0
CDL,D,20170407,000000,26.036,26.98,25.278,26.98,2803,0
CDL,D,20170410,000000,26.895,26.895,26.13,26.895,1481,0
CDL,D,20170411,000000,26.895,26.895,25.772,26.257,603,0
CDL,D,20170412,000000,26.257,26.257,25.772,25.789,476,0
CDL,D,20170413,000000,26.384,26.81,25.626,26.81,224,0
CDL,D,20170418,000000,26.81,26.81,25.534,26.724,241,0
CDL,D,20170419,000000,26.768,26.768,25.55,26.384,237,0
CDL,D,20170420,000000,26.724,26.768,26.724,26.724,471,0
CDL,D,20170421,000000,26.724,26.724,26.724,26.724,773,0
CDL,D,20170424,000000,26.768,26.768,26.768,26.768,60,0
CDL,D,20170425,000000,26.768,26.768,25.797,26.768,883,0
CDL,D,20170426,000000,26.768,26.768,25.789,26.768,23,0
CDL,D,20170427,000000,26.768,26.802,26.741,26.785,1922,0
CDL,D,20170428,000000,26.802,26.802,26.384,26.802,618,0
CDL,D,20170502,000000,27.022,27.022,26.086,26.98,255,0
CDL,D,20170504,000000,26.98,26.98,26.793,26.802,50,0
CDL,D,20170505,000000,26.802,26.802,26.214,26.214,12,0
CDL,D,20170508,000000,26.81,26.81,26.802,26.81,394,0
CDL,D,20170509,000000,26.81,27.15,26.086,27.15,4013,0
CDL,D,20170510,000000,27.15,28.673,27.15,28.666,2428,0
CDL,D,20170511,000000,28.64,28.64,28.589,28.589,300,0
CDL,D,20170512,000000,28.504,28.512,28.342,28.504,922,0
CDL,D,20170515,000000,28.597,28.597,27.661,28.086,713,0
CDL,D,20170516,000000,28.661,28.661,27.654,28.661,33,0
CDL,D,20170517,000000,29.72,29.72,27.654,27.822,225,0
CDL,D,20170518,000000,27.257,27.822,25.993,26.762,1207,0
CDL,D,20170519,000000,26.762,26.815,26.099,26.117,1096,0
CDL,D,20170522,000000,26.78,27.822,26.505,27.38,815,0
CDL,D,20170523,000000,27.822,27.822,27.248,27.812,388,0
CDL,D,20170524,000000,27.812,27.812,27.786,27.786,63,0
CDL,D,20170525,000000,27.786,28.254,27.786,28.254,1344,0
CDL,D,20170526,000000,28.351,28.351,27.822,28.351,375,0
CDL,D,20170529,000000,28.351,28.351,28.264,28.264,66,0
CDL,D,20170530,000000,27.822,28.351,27.822,28.351,35,0
CDL,D,20170531,000000,28.351,29.147,27.822,29.147,1340,0
CDL,D,20170601,000000,27.822,28.704,27.557,28.599,96,0
CDL,D,20170602,000000,28.704,28.704,28.608,28.608,5,0
CDL,D,20170605,000000,28.704,28.704,28.669,28.669,114,0
CDL,D,20170606,000000,28.264,28.678,28.254,28.678,644,0
CDL,D,20170607,000000,28.678,28.678,28.661,28.661,36,0
CDL,D,20170608,000000,28.669,28.669,27.38,28.617,241,0
CDL,D,20170609,000000,28.529,28.529,28.529,28.529,81,0
CDL,D,20170612,000000,28.529,28.529,27.291,28.519,669,0
CDL,D,20170613,000000,28.519,28.519,28.476,28.476,2,0
CDL,D,20170614,000000,28.678,28.678,28.44,28.44,2,0
CDL,D,20170616,000000,28.678,28.678,28.467,28.467,21,0
CDL,D,20170619,000000,28.467,28.467,28.175,28.175,6,0
CDL,D,20170620,000000,28.254,28.254,27.866,27.866,2,0
CDL,D,20170621,000000,27.822,28.264,27.176,28.264,2867,0
CDL,D,20170622,000000,28.264,28.264,28.264,28.264,2,0
CDL,D,20170623,000000,28.264,28.264,27.133,28.264,115,0
CDL,D,20170626,000000,28.264,28.264,27.911,28.264,207,0
CDL,D,20170627,000000,28.264,28.264,28.264,28.264,2,0
CDL,D,20170628,000000,28.264,28.264,27.822,28.264,41,0
CDL,D,20170629,000000,28.264,28.264,28.264,28.264,2,0
CDL,D,20170630,000000,28.264,28.264,28.264,28.264,2,0
CDL,D,20170703,000000,28.264,28.264,27.83,27.83,20,0
CDL,D,20170704,000000,27.83,28.254,27.822,28.219,311,0
CDL,D,20170705,000000,28.219,28.264,26.912,28.254,826,0
CDL,D,20170706,000000,28.264,28.264,27.557,27.557,69,0
CDL,D,20170707,000000,28.228,28.228,25.614,26.929,786,0
CDL,D,20170710,000000,26.929,26.929,26.929,26.929,185,0
CDL,D,20170711,000000,26.929,26.929,26.498,26.498,3,0
CDL,D,20170712,000000,26.929,26.929,25.658,26.409,375,0
CDL,D,20170713,000000,26.399,26.399,25.702,26.399,50,0
CDL,D,20170714,000000,26.399,26.409,26.399,26.409,128,0
CDL,D,20170717,000000,26.409,26.409,26.409,26.409,207,0
CDL,D,20170718,000000,26.409,26.409,26.32,26.32,81,0
CDL,D,20170719,000000,25.658,25.658,24.731,25.658,694,0
CDL,D,20170720,000000,26.055,26.055,24.774,26.055,1384,0
CDL,D,20170721,000000,26.055,26.055,24.474,24.731,163,0
CDL,D,20170724,000000,26.055,26.055,24.731,24.996,1646,0
CDL,D,20170725,000000,24.996,24.996,24.731,24.731,196,0
CDL,D,20170726,000000,24.474,24.731,24.474,24.731,282,0
CDL,D,20170727,000000,24.731,24.731,24.466,24.466,494,0
CDL,D,20170728,000000,24.466,25.03,23.856,25.03,466,0
CDL,D,20170731,000000,24.721,25.03,24.721,25.03,307,0
CDL,D,20170801,000000,25.039,25.039,24.898,24.898,274,0
CDL,D,20170802,000000,24.863,24.863,24.686,24.686,398,0
CDL,D,20170803,000000,24.686,24.686,24.289,24.289,532,0
CDL,D,20170804,000000,24.086,24.28,23.406,23.671,1294,0
CDL,D,20170807,000000,23.671,24.271,23.671,24.271,502,0
CDL,D,20170808,000000,24.271,24.271,23.406,24.245,1021,0
CDL,D,20170809,000000,23.406,24.271,23.406,24.271,113,0
CDL,D,20170810,000000,24.271,24.271,24.271,24.271,1,0
CDL,D,20170811,000000,24.271,25.49,23.14,25.252,2016,0
CDL,D,20170814,000000,24.731,24.934,23.308,24.934,1383,0
CDL,D,20170816,000000,24.907,24.907,24.28,24.678,665,0
CDL,D,20170817,000000,24.678,24.678,24.553,24.553,75,0
CDL,D,20170818,000000,24.553,24.553,24.289,24.553,578,0
CDL,D,20170821,000000,24.553,26.488,23.494,26.312,1740,0
CDL,D,20170822,000000,26.144,26.806,25.172,26.241,1709,0
CDL,D,20170823,000000,26.232,26.241,25.649,25.649,1123,0
CDL,D,20170824,000000,25.649,26.479,25.649,26.47,1056,0
CDL,D,20170825,000000,26.673,26.673,26.32,26.32,65,0
CDL,D,20170828,000000,26.32,26.32,26.276,26.276,2,0
CDL,D,20170829,000000,26.276,26.276,25.702,25.702,114,0
CDL,D,20170830,000000,25.702,25.702,25.039,25.614,121,0
CDL,D,20170831,000000,25.172,25.172,25.172,25.172,20,0
CDL,D,20170901,000000,25.614,25.614,23.98,24.378,58,0
CDL,D,20170904,000000,25.614,25.702,25.172,25.614,647,0
CDL,D,20170905,000000,26.276,26.276,25.693,26.276,469,0
CDL,D,20170906,000000,26.276,26.276,24.731,24.731,1620,0
CDL,D,20170907,000000,24.51,24.51,24.245,24.51,2798,0
CDL,D,20170908,000000,24.5,24.5,24.007,24.007,179,0
CDL,D,20170911,000000,24.024,24.024,22.965,23.396,1144,0
CDL,D,20170912,000000,23.396,23.406,22.965,23.22,1804,0
CDL,D,20170913,000000,23.229,23.229,23.211,23.211,783,0
CDL,D,20170914,000000,23.22,23.997,22.965,23.997,2817,0
CDL,D,20170915,000000,24.007,24.007,22.965,23.98,343,0
CDL,D,20170918,000000,22.903,23.971,22.903,22.903,198,0
CDL,D,20170919,000000,23.812,23.812,22.354,22.858,1260,0
CDL,D,20170920,000000,22.787,22.787,21.648,22.081,1988,0
CDL,D,20170921,000000,22.522,22.522,21.198,22.072,2317,0
CDL,D,20170922,000000,22.072,22.072,21.206,21.947,2273,0
CDL,D,20170925,000000,21.94,21.94,21.198,21.727,2530,0
CDL,D,20170926,000000,21.957,22.169,21.198,22.081,3144,0
CDL,D,20170927,000000,24.28,24.28,22.116,22.965,2239,0
CDL,D,20170928,000000,23.396,23.671,22.965,23.671,1226,0
CDL,D,20170929,000000,24.041,25.569,23.008,23.892,4417,0
CDL,D,20171002,000000,24.642,25.137,23.98,25.137,857,0
CDL,D,20171003,000000,25.163,25.163,22.804,23.935,696,0
CDL,D,20171004,000000,24.024,24.033,24.024,24.033,2,0
CDL,D,20171005,000000,25.172,27.195,23.406,26.152,1029,0
CDL,D,20171006,000000,26.938,27.38,26.055,26.232,6744,0
CDL,D,20171009,000000,26.938,26.938,26.498,26.498,235,0
CDL,D,20171010,000000,26.498,26.498,26.409,26.409,6,0
CDL,D,20171011,000000,26.409,26.409,26.409,26.409,2,0
CDL,D,20171012,000000,25.578,26.409,25.578,25.578,153,0
CDL,D,20171013,000000,26.409,26.409,24.819,24.924,207,0
CDL,D,20171016,000000,24.924,25.71,24.924,25.71,68,0
CDL,D,20171017,000000,26.409,26.409,26.409,26.409,1,0
CDL,D,20171018,000000,26.32,26.32,25.966,25.966,3,0
CDL,D,20171019,000000,25.966,26.32,25.966,26.32,3,0
CDL,D,20171020,000000,25.966,25.966,24.907,25.588,200,0
CDL,D,20171023,000000,25.605,25.966,25.605,25.966,33,0
CDL,D,20171024,000000,24.924,25.605,24.553,24.819,587,0
CDL,D,20171025,000000,23.847,24.721,23.671,24.721,709,0
CDL,D,20171026,000000,25.605,25.605,24.713,25.508,456,0
CDL,D,20171027,000000,25.508,25.508,25.508,25.508,2,0
CDL,D,20171030,000000,25.508,25.508,25.508,25.508,118,0
CDL,D,20171031,000000,25.499,25.499,24.748,25.446,320,0
CDL,D,20171102,000000,25.499,25.508,25.499,25.508,113,0
CDL,D,20171103,000000,24.774,25.437,24.774,24.819,411,0
CDL,D,20171106,000000,24.819,24.819,24.721,24.721,282,0
CDL,D,20171107,000000,25.349,25.349,25.349,25.349,6,0
CDL,D,20171108,000000,25.349,25.349,24.739,24.819,847,0
CDL,D,20171109,000000,24.731,24.731,24.332,24.332,320,0
CDL,D,20171110,000000,23.935,23.935,23.847,23.847,352,0
CDL,D,20171113,000000,23.847,23.847,23.185,23.759,255,0
CDL,D,20171114,000000,23.847,23.847,22.522,23.671,6307,0
CDL,D,20171115,000000,23.671,23.671,22.266,22.955,1574,0
CDL,D,20171116,000000,23.229,23.229,22.081,22.081,235,0
CDL,D,20171117,000000,22.522,22.522,22.081,22.522,1407,0
CDL,D,20171120,000000,22.867,22.867,22.036,22.522,671,0
CDL,D,20171121,000000,22.85,22.85,22.036,22.778,386,0
CDL,D,20171122,000000,22.769,22.778,22.699,22.752,97,0
CDL,D,20171123,000000,22.778,22.778,22.081,22.081,1936,0
CDL,D,20171124,000000,22.522,22.522,21.507,21.78,1700,0
CDL,D,20171127,000000,21.815,21.966,21.815,21.966,210,0
CDL,D,20171128,000000,22.346,22.778,22.081,22.778,311,0
CDL,D,20171129,000000,23.547,23.547,22.522,23.317,662,0
CDL,D,20171130,000000,23.538,23.538,22.433,23.389,166,0
CDL,D,20171201,000000,23.389,23.389,22.832,22.832,99,0
CDL,D,20171204,000000,22.532,23.396,22.532,23.389,167,0
CDL,D,20171205,000000,23.389,23.389,23.317,23.317,73,0
CDL,D,20171206,000000,23.317,23.317,22.089,22.646,836,0
CDL,D,20171207,000000,22.646,22.646,22.646,22.646,1,0
CDL,D,20171208,000000,22.628,22.699,22.496,22.522,343,0
CDL,D,20171211,000000,23.018,23.018,22.496,22.937,320,0
CDL,D,20171212,000000,22.479,22.522,22.081,22.522,1301,0
CDL,D,20171213,000000,22.522,22.876,22.522,22.876,1307,0
CDL,D,20171214,000000,22.858,22.903,22.858,22.903,55,0
CDL,D,20171215,000000,22.903,22.903,22.081,22.479,900,0
CDL,D,20171218,000000,22.496,22.496,22.301,22.301,2,0
CDL,D,20171219,000000,22.301,22.301,21.639,21.648,2700,0
CDL,D,20171220,000000,21.648,21.648,21.471,21.551,125,0
CDL,D,20171221,000000,21.648,21.648,21.109,21.463,1806,0
CDL,D,20171222,000000,21.463,21.463,20.773,21.33,4413,0
CDL,D,20171227,000000,21.33,21.33,20.65,20.791,2702,0
CDL,D,20171228,000000,20.791,21.198,20.756,21.198,1881,0
CDL,D,20171229,000000,21.648,21.815,20.845,21.815,4778,0
CDL,D,20180103,000000,21.815,21.815,20.932,21.639,589,0
CDL,D,20180104,000000,21.639,21.639,21.198,21.198,333,0
CDL,D,20180105,000000,21.639,23.052,21.639,22.876,3318,0
CDL,D,20180108,000000,22.965,24.731,22.876,23.406,8146,0
CDL,D,20180109,000000,23.494,24.289,23.052,23.759,1924,0
CDL,D,20180110,000000,23.317,23.847,23.317,23.847,666,0
CDL,D,20180111,000000,24.113,24.2,23.494,23.494,1639,0
CDL,D,20180112,000000,23.847,23.847,23.317,23.317,1752,0
CDL,D,20180115,000000,23.582,23.582,23.14,23.406,527,0
CDL,D,20180116,000000,23.406,23.406,22.611,22.611,2640,0
CDL,D,20180117,000000,22.611,22.787,22.346,22.522,2295,0
CDL,D,20180118,000000,22.611,22.965,21.727,22.965,2997,0
CDL,D,20180119,000000,22.965,23.406,22.965,23.406,855,0
CDL,D,20180122,000000,23.406,23.671,22.965,23.671,343,0
CDL,D,20180123,000000,23.671,23.847,23.671,23.847,1032,0
CDL,D,20180124,000000,24.113,26.498,23.847,25.966,11167,0
CDL,D,20180125,000000,25.966,27.204,24.907,27.027,8384,0
CDL,D,20180126,000000,27.027,27.027,26.584,26.673,2411,0
CDL,D,20180129,000000,26.762,26.85,26.498,26.762,695,0
CDL,D,20180130,000000,26.498,26.498,24.907,25.437,609,0
CDL,D,20180131,000000,25.172,26.409,25.172,26.409,1409,0
CDL,D,20180201,000000,26.409,26.409,25.172,26.232,740,0
CDL,D,20180202,000000,25.172,26.055,25.172,26.055,188,0
CDL,D,20180205,000000,26.055,26.055,25.172,25.791,55,0
CDL,D,20180206,000000,23.494,25.525,23.494,25.349,2445,0
CDL,D,20180207,000000,25.172,26.232,24.289,26.055,1791,0
CDL,D,20180208,000000,26.055,26.232,25.172,26.144,1904,0
CDL,D,20180209,000000,26.055,26.055,25.26,25.791,112,0
CDL,D,20180212,000000,25.614,25.966,25.084,25.966,399,0
CDL,D,20180213,000000,26.055,26.498,25.966,26.409,3634,0
CDL,D,20180214,000000,26.498,26.938,25.878,26.938,2226,0
CDL,D,20180215,000000,26.938,28.97,26.938,28.617,7033,0
CDL,D,20180216,000000,28.704,29.5,28.704,29.058,20179,0
CDL,D,20180219,000000,28.44,29.147,27.38,29.147,1900,0
CDL,D,20180220,000000,28.704,29.147,27.116,29.147,883,0
CDL,D,20180221,000000,29.147,29.147,28.882,28.882,388,0
CDL,D,20180222,000000,28.97,28.97,28.97,28.97,1,0
CDL,D,20180223,000000,29.147,29.147,27.998,29.058,2860,0
CDL,D,20180226,000000,29.147,29.147,28.175,29.058,609,0
CDL,D,20180227,000000,29.147,29.147,28.175,28.704,99,0
CDL,D,20180228,000000,28.704,28.704,27.38,28.704,357,0
CDL,D,20180301,000000,28.704,28.704,28.704,28.704,1,0
CDL,D,20180302,000000,28.264,28.264,26.938,26.938,1290,0
CDL,D,20180305,000000,27.38,27.38,25.614,27.38,1648,0
CDL,D,20180306,000000,28.175,28.175,28.175,28.175,1,0
CDL,D,20180307,000000,27.733,28.175,25.702,26.409,1415,0
CDL,D,20180308,000000,27.291,27.291,26.498,27.116,565,0
CDL,D,20180309,000000,27.291,27.291,26.584,27.291,331,0
CDL,D,20180312,000000,28.264,28.264,27.291,28.264,991,0
CDL,D,20180313,000000,29.058,29.058,26.498,27.027,938,0
CDL,D,20180314,000000,28.264,28.264,26.498,27.38,1573,0
CDL,D,20180315,000000,28.175,28.175,26.762,27.027,356,0
CDL,D,20180316,000000,28.086,28.264,27.116,28.264,959,0
CDL,D,20180319,000000,28.351,28.351,27.204,28.175,238,0
CDL,D,20180320,000000,28.086,28.264,27.38,28.086,3521,0
CDL,D,20180321,000000,27.822,27.822,27.027,27.645,411,0
CDL,D,20180322,000000,27.645,27.645,26.498,26.498,1208,0
CDL,D,20180323,000000,26.144,27.204,26.144,26.498,319,0
CDL,D,20180326,000000,27.204,27.204,26.498,26.498,2725,0
CDL,D,20180327,000000,27.204,27.204,26.144,26.498,86,0
CDL,D,20180328,000000,27.204,27.204,26.498,27.116,1446,0
CDL,D,20180329,000000,27.204,27.204,27.204,27.204,2,0
CDL,D,20180403,000000,27.204,27.204,27.116,27.204,4076,0
CDL,D,20180404,000000,27.204,27.204,27.204,27.204,1,0
CDL,D,20180405,000000,27.204,27.204,26.055,27.204,1927,0
CDL,D,20180406,000000,27.822,28.086,27.38,28.086,1008,0
CDL,D,20180409,000000,27.38,27.998,26.938,27.998,466,0
CDL,D,20180410,000000,27.911,27.911,27.557,27.733,229,0
CDL,D,20180411,000000,27.911,27.911,27.822,27.822,547,0
CDL,D,20180412,000000,28.264,28.264,27.822,27.911,1676,0
CDL,D,20180413,000000,28.175,28.175,27.822,27.822,3,0
CDL,D,20180416,000000,28.264,28.264,27.38,28.175,888,0
CDL,D,20180417,000000,27.911,27.911,27.557,27.911,528,0
CDL,D,20180418,000000,28.175,28.175,27.822,28.175,733,0
CDL,D,20180419,000000,27.911,28.175,27.645,28.175,918,0
CDL,D,20180420,000000,28.175,28.264,27.822,28.264,373,0
CDL,D,20180423,000000,28.264,29.765,27.998,28.529,5216,0
CDL,D,20180424,000000,28.44,28.529,27.822,27.822,2744,0
CDL,D,20180425,000000,28.351,28.351,27.822,28.175,3478,0
CDL,D,20180426,000000,27.822,27.911,27.822,27.911,756,0
CDL,D,20180427,000000,28.175,28.351,27.911,28.351,3456,0
CDL,D,20180430,000000,28.882,28.882,27.911,27.911,341,0
CDL,D,20180502,000000,28.882,28.882,28.086,28.44,656,0
CDL,D,20180504,000000,28.882,28.882,27.911,28.793,165,0
CDL,D,20180507,000000,28.882,28.882,28.086,28.086,1265,0
CDL,D,20180508,000000,28.086,28.44,28.086,28.44,423,0
CDL,D,20180509,000000,28.44,28.44,27.733,27.733,214,0
CDL,D,20180510,000000,28.264,28.44,28.264,28.44,492,0
CDL,D,20180511,000000,28.44,28.44,27.822,28.264,1147,0
CDL,D,20180514,000000,28.704,28.704,27.822,28.264,2035,0
CDL,D,20180515,000000,28.446,28.719,28.264,28.719,527,0
CDL,D,20180516,000000,27.626,27.626,25.072,25.346,5701,0
CDL,D,20180517,000000,25.346,26.531,25.346,26.44,2058,0
CDL,D,20180518,000000,26.075,27.078,26.075,27.078,180,0
CDL,D,20180521,000000,27.078,27.078,26.075,27.078,129,0
CDL,D,20180522,000000,27.078,27.078,27.078,27.078,220,0
CDL,D,20180523,000000,27.352,27.352,26.075,27.352,249,0
CDL,D,20180524,000000,27.352,27.352,25.802,26.258,1715,0
CDL,D,20180525,000000,25.893,25.893,23.34,24.617,2094,0
CDL,D,20180528,000000,24.617,24.617,22.429,22.429,6885,0
CDL,D,20180529,000000,22.429,23.249,20.787,21.243,7574,0
CDL,D,20180530,000000,21.881,21.881,19.693,20.058,11614,0
CDL,D,20180601,000000,20.058,20.97,18.69,20.331,21395,0
CDL,D,20180604,000000,20.422,21.881,20.058,21.881,29329,0
CDL,D,20180605,000000,21.881,23.067,21.881,22.063,1909,0
CDL,D,20180606,000000,22.701,23.249,22.701,22.793,1832,0
CDL,D,20180607,000000,23.157,23.157,22.337,23.157,384,0
CDL,D,20180608,000000,23.705,23.887,22.793,23.795,2493,0
CDL,D,20180611,000000,22.793,23.431,22.793,23.431,455,0
CDL,D,20180612,000000,23.431,23.705,22.793,23.705,715,0
CDL,D,20180613,000000,23.705,23.705,23.249,23.705,622,0
CDL,D,20180614,000000,23.705,23.705,22.429,23.523,54,0
CDL,D,20180615,000000,23.523,23.523,22.793,22.793,362,0
CDL,D,20180618,000000,23.249,23.249,22.611,22.793,504,0
CDL,D,20180619,000000,22.793,22.793,22.519,22.793,2136,0
CDL,D,20180620,000000,22.793,22.793,22.429,22.793,1286,0
CDL,D,20180621,000000,21.881,22.701,21.881,22.701,82,0
CDL,D,20180622,000000,22.975,23.249,22.975,23.249,166,0
CDL,D,20180625,000000,23.249,23.249,22.519,23.249,448,0
CDL,D,20180626,000000,23.249,23.249,23.249,23.249,1,0
CDL,D,20180627,000000,23.249,23.249,22.155,22.155,546,0
CDL,D,20180628,000000,22.793,22.793,22.063,22.701,556,0
CDL,D,20180629,000000,22.701,22.701,22.246,22.701,95,0
CDL,D,20180702,000000,22.701,22.701,22.701,22.701,46,0
CDL,D,20180703,000000,21.79,21.881,21.79,21.881,416,0
CDL,D,20180704,000000,21.881,22.337,21.881,22.337,184,0
CDL,D,20180705,000000,22.337,22.701,21.79,22.701,38,0
CDL,D,20180706,000000,22.701,22.701,21.79,21.973,253,0
CDL,D,20180709,000000,22.701,22.701,22.701,22.701,1,0
CDL,D,20180710,000000,22.701,22.701,21.881,21.881,2,0
CDL,D,20180711,000000,22.063,22.063,21.061,21.973,277,0
CDL,D,20180712,000000,22.701,22.701,21.881,22.063,529,0
CDL,D,20180713,000000,22.701,22.701,22.337,22.337,30,0
CDL,D,20180716,000000,22.701,22.701,22.701,22.701,2,0
CDL,D,20180717,000000,22.701,22.701,21.608,22.155,1466,0
CDL,D,20180718,000000,22.155,22.155,21.334,21.973,291,0
CDL,D,20180719,000000,21.334,22.155,21.334,22.155,308,0
CDL,D,20180720,000000,22.155,22.155,22.155,22.155,2,0
CDL,D,20180723,000000,22.155,22.155,21.881,21.881,132,0
CDL,D,20180724,000000,21.881,22.793,21.79,22.793,723,0
CDL,D,20180725,000000,22.701,22.975,22.701,22.793,551,0
CDL,D,20180726,000000,22.793,22.885,21.973,22.885,2685,0
CDL,D,20180727,000000,22.885,22.885,21.152,21.152,3576,0
CDL,D,20180730,000000,21.699,21.699,21.243,21.517,2526,0
CDL,D,20180731,000000,22.155,22.155,21.152,21.517,1037,0
CDL,D,20180801,000000,22.155,22.155,20.787,21.334,2016,0
CDL,D,20180802,000000,21.334,21.425,21.152,21.152,831,0
CDL,D,20180803,000000,21.152,21.152,20.878,21.152,2509,0
CDL,D,20180806,000000,21.79,21.79,20.696,21.152,1620,0
CDL,D,20180807,000000,21.79,21.79,20.514,21.061,1258,0
CDL,D,20180808,000000,21.79,21.79,20.422,20.97,1282,0
CDL,D,20180809,000000,21.243,21.334,20.058,20.878,11260,0
CDL,D,20180810,000000,20.97,21.334,20.787,21.334,1817,0
CDL,D,20180813,000000,21.881,22.611,21.79,22.611,4422,0
CDL,D,20180814,000000,22.519,22.519,21.699,22.337,1926,0
CDL,D,20180816,000000,22.519,22.701,22.429,22.701,393,0
CDL,D,20180817,000000,22.701,23.249,22.701,23.249,1193,0
CDL,D,20180820,000000,22.885,23.249,22.793,23.249,552,0
CDL,D,20180821,000000,23.249,23.249,22.793,22.885,3,0
CDL,D,20180822,000000,22.885,23.157,22.337,22.793,3815,0
CDL,D,20180823,000000,23.157,23.157,21.79,22.063,861,0
CDL,D,20180824,000000,22.429,22.429,22.429,22.429,2,0
CDL,D,20180827,000000,22.429,22.701,21.79,22.701,197,0
CDL,D,20180828,000000,22.701,22.701,22.701,22.701,70,0
CDL,D,20180829,000000,22.701,22.701,21.881,22.429,267,0
CDL,D,20180830,000000,22.429,22.429,22.246,22.246,69,0
CDL,D,20180831,000000,22.246,22.246,21.425,21.881,539,0
CDL,D,20180903,000000,22.429,22.429,21.881,21.881,136,0
CDL,D,20180904,000000,22.337,22.337,21.881,21.881,2,0
CDL,D,20180905,000000,21.881,21.881,20.97,21.334,476,0
CDL,D,20180906,000000,20.97,20.97,20.058,20.605,471,0
CDL,D,20180907,000000,20.605,20.605,20.149,20.149,415,0
CDL,D,20180910,000000,20.605,20.605,18.6,18.69,6668,0
CDL,D,20180911,000000,18.416,18.872,17.596,18.872,14965,0
CDL,D,20180912,000000,20.058,20.058,18.326,18.416,6628,0
CDL,D,20180913,000000,19.146,19.146,18.052,18.416,10511,0
CDL,D,20180914,000000,18.6,19.42,18.6,19.42,244,0
CDL,D,20180917,000000,19.693,19.693,19.693,19.693,318,0
CDL,D,20180918,000000,20.058,20.058,19.693,20.058,97,0
CDL,D,20180919,000000,20.058,20.058,20.058,20.058,1,0
CDL,D,20180920,000000,19.966,19.966,19.238,19.602,177,0
CDL,D,20180921,000000,19.693,19.693,18.782,19.602,495,0
CDL,D,20180924,000000,19.693,19.693,18.234,18.69,9648,0
CDL,D,20180925,000000,19.328,19.328,18.416,19.146,765,0
CDL,D,20180926,000000,19.328,19.328,18.782,19.146,128,0
CDL,D,20180927,000000,19.328,19.328,18.326,19.055,859,0
CDL,D,20180928,000000,19.055,19.055,18.782,18.782,277,0
CDL,D,20181001,000000,19.055,19.055,18.326,19.055,4422,0
CDL,D,20181002,000000,18.326,18.964,18.326,18.964,1240,0
CDL,D,20181003,000000,18.964,19.693,18.782,19.693,509,0
CDL,D,20181004,000000,19.693,19.693,19.328,19.602,1325,0
CDL,D,20181005,000000,19.966,19.966,19.238,19.693,1591,0
CDL,D,20181008,000000,19.876,19.966,19.876,19.966,1751,0
CDL,D,20181009,000000,19.966,19.966,19.42,19.966,57,0
CDL,D,20181010,000000,19.966,20.514,19.42,20.514,878,0
CDL,D,20181011,000000,20.514,20.514,20.514,20.514,1,0
CDL,D,20181012,000000,20.514,20.514,19.784,20.422,382,0
CDL,D,20181015,000000,20.422,20.422,19.784,19.966,192,0
CDL,D,20181016,000000,19.966,21.881,19.966,21.881,1048,0
CDL,D,20181017,000000,22.337,22.337,20.514,21.608,3348,0
CDL,D,20181018,000000,22.337,22.337,20.514,21.425,1288,0
CDL,D,20181019,000000,21.243,21.425,20.696,21.425,983,0
CDL,D,20181022,000000,21.425,21.425,20.787,21.425,121,0
CDL,D,20181023,000000,21.881,21.881,19.693,20.422,1457,0
CDL,D,20181024,000000,20.24,20.514,20.24,20.514,2901,0
CDL,D,20181025,000000,20.696,20.696,20.605,20.605,29,0
CDL,D,20181026,000000,20.787,20.787,20.514,20.514,57,0
CDL,D,20181029,000000,20.514,20.696,19.876,20.696,1320,0
CDL,D,20181030,000000,20.696,20.696,19.784,19.784,498,0
CDL,D,20181031,000000,20.605,20.605,19.055,20.605,498,0
CDL,D,20181102,000000,20.605,20.605,20.605,20.605,2,0
CDL,D,20181105,000000,20.605,20.787,20.605,20.787,13,0
CDL,D,20181106,000000,20.787,20.787,20.605,20.696,52,0
CDL,D,20181107,000000,20.696,20.97,20.696,20.97,162,0
CDL,D,20181108,000000,20.97,21.061,20.787,20.787,2565,0
CDL,D,20181109,000000,21.334,21.334,20.97,21.334,418,0
CDL,D,20181113,000000,21.334,21.881,21.061,21.061,1334,0
CDL,D,20181114,000000,21.881,21.881,21.243,21.243,112,0
CDL,D,20181115,000000,21.881,21.881,21.243,21.425,269,0
CDL,D,20181116,000000,21.881,21.881,21.608,21.699,188,0
CDL,D,20181119,000000,21.79,21.79,20.97,21.699,170,0
CDL,D,20181120,000000,21.699,21.699,21.061,21.699,764,0
CDL,D,20181121,000000,21.79,21.79,20.149,20.97,938,0
CDL,D,20181122,000000,21.334,21.334,20.422,21.334,441,0
CDL,D,20181123,000000,21.334,22.246,21.061,22.155,3042,0
CDL,D,20181126,000000,22.155,22.155,21.517,22.063,50,0
CDL,D,20181127,000000,22.063,23.431,22.063,23.249,2495,0
CDL,D,20181128,000000,23.613,23.705,22.975,23.705,4445,0
CDL,D,20181129,000000,23.887,24.707,23.887,24.617,3987,0
CDL,D,20181130,000000,24.617,24.617,23.795,24.525,789,0
CDL,D,20181203,000000,24.525,24.525,23.705,24.161,509,0
CDL,D,20181204,000000,23.705,24.069,23.705,24.069,659,0
CDL,D,20181205,000000,24.525,24.525,24.161,24.161,3188,0
CDL,D,20181206,000000,24.251,24.525,24.251,24.525,2173,0
CDL,D,20181207,000000,24.434,24.434,24.434,24.434,2,0
CDL,D,20181210,000000,24.434,24.434,24.434,24.434,1,0
CDL,D,20181211,000000,24.161,24.161,23.887,23.887,1126,0
CDL,D,20181212,000000,23.705,23.705,23.705,23.705,2,0
CDL,D,20181213,000000,24.069,24.069,23.979,23.979,3,0
CDL,D,20181214,000000,23.979,23.979,23.979,23.979,1,0
CDL,D,20181217,000000,23.979,23.979,23.887,23.887,770,0
CDL,D,20181218,000000,23.887,23.887,23.431,23.431,3402,0
CDL,D,20181219,000000,23.705,23.705,23.067,23.067,112,0
CDL,D,20181220,000000,23.249,23.249,21.517,22.793,3115,0
CDL,D,20181221,000000,22.519,22.611,22.063,22.519,1353,0
CDL,D,20181227,000000,22.975,22.975,21.699,21.699,2936,0
CDL,D,20181228,000000,22.519,22.519,21.061,21.243,11213,0
CDL,D,20190102,000000,21.881,21.881,21.699,21.79,122,0
CDL,D,20190103,000000,21.79,21.79,21.699,21.699,51,0
CDL,D,20190104,000000,21.79,21.79,21.79,21.79,1,0
CDL,D,20190107,000000,21.79,21.79,21.699,21.699,46,0
CDL,D,20190108,000000,22.063,22.701,21.699,22.429,1084,0
CDL,D,20190109,000000,22.429,23.157,21.881,23.157,1542,0
CDL,D,20190110,000000,22.885,22.885,22.246,22.611,1755,0
CDL,D,20190111,000000,22.611,22.611,22.429,22.611,469,0
CDL,D,20190114,000000,22.793,22.793,22.429,22.611,1014,0
CDL,D,20190115,000000,22.611,23.705,22.519,22.793,6584,0
CDL,D,20190116,000000,23.431,23.613,22.337,22.793,5965,0
CDL,D,20190117,000000,22.975,23.157,22.885,23.067,1183,0
CDL,D,20190118,000000,23.157,23.157,22.793,23.157,1388,0
CDL,D,20190121,000000,23.157,23.34,23.157,23.157,1052,0
CDL,D,20190122,000000,23.249,23.431,23.249,23.431,2234,0
CDL,D,20190123,000000,23.705,23.979,23.705,23.979,3984,0
CDL,D,20190124,000000,23.979,24.434,23.979,24.434,1432,0
CDL,D,20190125,000000,24.525,24.525,24.069,24.434,286,0
CDL,D,20190128,000000,24.434,26.349,24.251,25.163,3808,0
CDL,D,20190129,000000,25.437,25.71,25.163,25.71,1464,0
CDL,D,20190130,000000,25.71,25.802,25.346,25.802,2681,0
CDL,D,20190131,000000,25.802,25.802,25.71,25.802,54,0
CDL,D,20190201,000000,25.802,25.802,25.346,25.71,334,0
CDL,D,20190204,000000,25.346,25.71,25.346,25.528,478,0
CDL,D,20190205,000000,25.619,25.619,25.163,25.528,2023,0
CDL,D,20190206,000000,25.71,25.71,25.163,25.346,473,0
CDL,D,20190207,000000,25.346,25.346,23.705,24.799,802,0
CDL,D,20190208,000000,24.799,24.799,23.795,24.525,584,0
CDL,D,20190211,000000,24.525,24.89,23.887,24.89,244,0
CDL,D,20190212,000000,24.799,25.437,24.525,25.437,349,0
CDL,D,20190213,000000,25.437,25.528,25.163,25.437,241,0
CDL,D,20190214,000000,25.528,25.528,25.437,25.437,3,0
CDL,D,20190215,000000,25.437,25.437,24.617,25.072,359,0
CDL,D,20190218,000000,25.072,25.072,24.799,24.799,179,0
CDL,D,20190219,000000,25.072,25.072,24.981,25.072,333,0
CDL,D,20190220,000000,24.981,24.981,23.979,24.161,1472,0
CDL,D,20190221,000000,24.343,24.343,23.979,23.979,360,0
CDL,D,20190222,000000,24.981,24.981,24.799,24.799,38,0
CDL,D,20190225,000000,24.799,24.799,24.799,24.799,869,0
CDL,D,20190226,000000,24.89,24.89,24.525,24.525,243,0
CDL,D,20190227,000000,24.89,24.89,24.617,24.617,430,0
CDL,D,20190228,000000,25.072,25.072,24.799,24.799,93,0
CDL,D,20190301,000000,24.89,24.89,24.89,24.89,58,0
CDL,D,20190304,000000,24.617,24.617,23.795,24.525,320,0
CDL,D,20190305,000000,24.89,24.89,24.525,24.525,819,0
CDL,D,20190306,000000,24.525,25.437,24.525,24.617,3742,0
CDL,D,20190307,000000,25.437,25.437,25.163,25.163,35,0
CDL,D,20190308,000000,25.072,25.528,25.072,25.528,2773,0
CDL,D,20190311,000000,25.802,26.44,25.71,26.349,1190,0
CDL,D,20190312,000000,26.349,26.349,25.528,25.528,440,0
CDL,D,20190313,000000,25.528,25.528,25.528,25.528,977,0
CDL,D,20190314,000000,25.893,25.893,25.437,25.437,292,0
CDL,D,20190315,000000,26.258,26.258,26.258,26.258,5,0
CDL,D,20190318,000000,26.349,26.349,25.528,25.619,589,0
CDL,D,20190319,000000,25.619,25.893,25.619,25.619,96,0
CDL,D,20190320,000000,26.349,26.349,25.619,25.619,61,0
CDL,D,20190321,000000,26.166,26.166,25.619,25.619,609,0
CDL,D,20190322,000000,26.166,26.258,26.166,26.258,778,0
CDL,D,20190325,000000,26.258,26.258,26.258,26.258,692,0
CDL,D,20190326,000000,26.349,26.896,26.349,26.896,461,0
CDL,D,20190327,000000,26.896,26.896,26.896,26.896,8,0
CDL,D,20190328,000000,26.896,26.896,26.258,26.258,148,0
CDL,D,20190329,000000,26.896,26.896,26.804,26.804,112,0
CDL,D,20190401,000000,26.258,26.44,25.802,26.44,264,0
CDL,D,20190402,000000,26.896,26.896,26.44,26.44,503,0
CDL,D,20190403,000000,26.714,26.804,26.258,26.258,469,0
CDL,D,20190404,000000,26.531,27.716,26.531,26.714,4827,0
CDL,D,20190405,000000,26.622,27.352,26.531,27.352,2091,0
CDL,D,20190408,000000,28.536,29.448,27.352,27.716,7325,0
CDL,D,20190409,000000,27.716,28.264,27.716,28.264,3669,0
CDL,D,20190410,000000,28.264,28.264,27.352,27.442,3075,0
CDL,D,20190411,000000,27.352,27.352,26.075,26.531,14980,0
CDL,D,20190412,000000,27.26,27.26,26.44,27.078,86,0
CDL,D,20190415,000000,26.44,26.44,25.984,26.166,1357,0
CDL,D,20190416,000000,26.166,26.622,26.166,26.622,253,0
CDL,D,20190417,000000,26.714,26.714,26.622,26.622,130,0
CDL,D,20190418,000000,26.622,26.622,26.166,26.44,130,0
CDL,D,20190423,000000,26.349,27.716,26.349,26.622,3612,0
CDL,D,20190424,000000,26.622,26.622,25.528,25.984,35042,0
CDL,D,20190425,000000,26.44,26.44,26.075,26.075,244,0
CDL,D,20190426,000000,25.528,25.528,24.617,25.346,2180,0
CDL,D,20190429,000000,25.346,26.258,24.799,25.893,10538,0
CDL,D,20190430,000000,25.528,25.528,24.161,24.525,3239,0
CDL,D,20190506,000000,24.799,25.437,24.707,24.707,2212,0
CDL,D,20190507,000000,25.346,25.346,24.434,24.434,434,0
CDL,D,20190508,000000,25.072,25.072,24.434,24.434,176,0
CDL,D,20190509,000000,24.434,25.072,24.434,25.072,672,0
CDL,D,20190510,000000,25.528,25.528,25.346,25.437,155,0
CDL,D,20190513,000000,25.528,25.528,24.707,24.799,1333,0
CDL,D,20190514,000000,25.072,25.072,24.707,24.707,511,0
CDL,D,20190515,000000,24.707,24.799,24.525,24.525,1438,0
CDL,D,20190516,000000,24.434,24.617,24.434,24.617,281,0
CDL,D,20190517,000000,25.528,25.528,24.525,24.525,3,0
CDL,D,20190520,000000,25.528,25.528,24.161,24.161,178,0
CDL,D,20190521,000000,24.617,24.617,24.617,24.617,10,0
CDL,D,20190522,000000,24.981,24.981,24.617,24.617,1070,0
CDL,D,20190523,000000,24.617,24.617,24.617,24.617,1,0
CDL,D,20190524,000000,24.617,24.617,24.161,24.161,672,0
CDL,D,20190527,000000,24.161,24.161,23.795,23.887,943,0
CDL,D,20190528,000000,24.069,24.069,22.793,23.705,3591,0
CDL,D,20190529,000000,23.795,23.795,22.885,23.157,1865,0
CDL,D,20190530,000000,21.334,22.246,20.97,22.063,10622,0
CDL,D,20190531,000000,21.881,22.063,21.152,21.881,2370,0
CDL,D,20190603,000000,21.881,21.881,21.79,21.79,1140,0
CDL,D,20190604,000000,21.608,21.699,21.243,21.243,590,0
CDL,D,20190605,000000,21.881,21.881,21.699,21.881,898,0
CDL,D,20190606,000000,21.243,21.881,21.243,21.881,751,0
CDL,D,20190607,000000,21.425,21.881,21.061,21.608,4142,0
CDL,D,20190610,000000,21.425,21.517,21.334,21.517,838,0
CDL,D,20190611,000000,21.881,22.246,21.334,22.246,787,0
CDL,D,20190612,000000,21.881,21.881,21.699,21.881,304,0
CDL,D,20190613,000000,21.881,21.881,21.425,21.425,976,0
CDL,D,20190614,000000,22.18,22.18,22.18,22.18,32,0
CDL,D,20190617,000000,22.18,22.652,22.18,22.652,227,0
CDL,D,20190618,000000,22.652,22.652,22.275,22.275,634,0
CDL,D,20190619,000000,22.652,22.747,22.652,22.747,777,0
CDL,D,20190621,000000,22.652,22.652,21.992,22.652,535,0
CDL,D,20190624,000000,22.652,22.841,22.652,22.841,720,0
CDL,D,20190625,000000,23.03,23.03,22.652,22.936,1043,0
CDL,D,20190626,000000,22.936,22.936,22.652,22.652,1643,0
CDL,D,20190627,000000,22.936,22.936,22.652,22.936,706,0
CDL,D,20190628,000000,22.936,23.502,22.936,23.502,999,0
CDL,D,20190701,000000,24.163,24.163,23.124,23.124,354,0
CDL,D,20190702,000000,23.691,24.54,23.596,23.596,1255,0
CDL,D,20190703,000000,24.54,24.54,23.124,23.124,3057,0
CDL,D,20190704,000000,23.785,23.879,23.596,23.596,648,0
CDL,D,20190705,000000,24.068,24.068,24.068,24.068,2,0
CDL,D,20190708,000000,23.879,23.879,23.313,23.596,344,0
CDL,D,20190709,000000,23.502,23.502,23.502,23.502,1,0
CDL,D,20190710,000000,23.691,23.691,22.747,22.747,562,0
CDL,D,20190711,000000,23.407,23.407,22.464,22.464,1767,0
CDL,D,20190712,000000,22.558,22.652,22.558,22.558,335,0
CDL,D,20190715,000000,22.558,22.558,21.425,21.425,3365,0
CDL,D,20190716,000000,21.992,21.992,20.953,21.803,2580,0
CDL,D,20190717,000000,21.897,22.464,21.897,22.464,1333,0
CDL,D,20190718,000000,22.747,22.747,21.992,22.464,1632,0
CDL,D,20190719,000000,23.407,23.407,23.407,23.407,6,0
CDL,D,20190722,000000,22.652,22.747,21.897,21.897,902,0
CDL,D,20190723,000000,21.897,22.464,21.803,22.464,1053,0
CDL,D,20190724,000000,22.464,22.464,22.464,22.464,197,0
CDL,D,20190725,000000,22.464,22.464,21.614,21.614,313,0
CDL,D,20190726,000000,22.086,22.086,21.614,21.709,430,0
CDL,D,20190729,000000,22.086,22.086,21.992,21.992,180,0
CDL,D,20190730,000000,22.086,22.086,20.859,21.048,1856,0
CDL,D,20190731,000000,22.086,22.086,21.142,21.709,74,0
CDL,D,20190801,000000,22.086,22.086,20.953,20.953,10,0
CDL,D,20190802,000000,22.086,22.086,20.765,20.765,936,0
CDL,D,20190805,000000,22.086,22.086,20.765,20.953,94,0
CDL,D,20190806,000000,21.709,21.709,20.765,21.237,654,0
CDL,D,20190807,000000,21.614,21.614,20.765,20.765,57,0
CDL,D,20190808,000000,21.614,21.614,20.765,21.614,603,0
CDL,D,20190809,000000,21.614,21.614,21.331,21.331,36,0
CDL,D,20190812,000000,21.614,21.614,20.576,20.576,831,0
CDL,D,20190813,000000,20.859,21.048,20.765,20.765,2002,0
CDL,D,20190814,000000,20.765,20.765,20.765,20.765,73,0
CDL,D,20190816,000000,20.765,20.765,20.765,20.765,6,0
CDL,D,20190819,000000,20.765,20.765,20.765,20.765,23,0
CDL,D,20190820,000000,20.765,20.765,19.821,19.821,2689,0
CDL,D,20190821,000000,20.01,20.01,19.443,19.443,1466,0
CDL,D,20190822,000000,19.821,19.821,19.349,19.349,86,0
CDL,D,20190823,000000,19.821,19.821,19.066,19.349,2864,0
CDL,D,20190826,000000,19.538,19.538,18.594,18.971,1922,0
CDL,D,20190827,000000,19.538,19.538,18.688,18.688,82,0
CDL,D,20190828,000000,18.877,18.877,18.594,18.594,751,0
CDL,D,20190829,000000,19.443,19.443,18.971,19.255,621,0
CDL,D,20190830,000000,18.499,18.547,18.122,18.216,6499,0
CDL,D,20190902,000000,19.632,19.632,18.311,18.83,503,0
CDL,D,20190903,000000,18.877,18.877,18.405,18.499,1574,0
CDL,D,20190904,000000,18.499,18.499,18.311,18.499,7462,0
CDL,D,20190905,000000,18.594,18.594,17.933,18.122,1397,0
CDL,D,20190906,000000,18.499,18.499,17.933,17.933,37,0
CDL,D,20190909,000000,18.499,18.499,17.792,18.452,816,0
CDL,D,20190910,000000,18.499,18.877,18.405,18.594,4748,0
CDL,D,20190911,000000,18.783,18.783,18.405,18.405,790,0
CDL,D,20190912,000000,18.783,18.783,17.933,17.933,4239,0
CDL,D,20190913,000000,18.358,18.358,18.028,18.028,2403,0
CDL,D,20190916,000000,18.075,18.075,17.933,17.933,415,0
CDL,D,20190917,000000,18.028,19.443,17.839,19.443,1671,0
CDL,D,20190918,000000,19.538,19.538,18.877,19.16,3745,0
CDL,D,20190919,000000,19.349,19.349,18.783,18.783,3907,0
CDL,D,20190920,000000,18.877,18.877,18.216,18.641,2055,0
CDL,D,20190923,000000,18.499,18.499,18.405,18.405,145,0
CDL,D,20190924,000000,18.405,18.735,17.792,17.792,3597,0
CDL,D,20190925,000000,17.792,17.98,17.792,17.933,943,0
CDL,D,20190926,000000,18.216,18.216,17.933,17.98,2914,0
CDL,D,20190927,000000,17.933,17.933,17.933,17.933,556,0
CDL,D,20190930,000000,17.933,17.933,17.131,17.839,2142,0
CDL,D,20191001,000000,17.839,17.886,17.272,17.886,110,0
CDL,D,20191002,000000,17.886,17.886,17.272,17.886,144,0
CDL,D,20191003,000000,17.886,17.98,17.461,17.98,214,0
CDL,D,20191004,000000,18.216,18.264,18.028,18.028,266,0
CDL,D,20191007,000000,18.028,18.028,17.839,17.839,408,0
CDL,D,20191008,000000,17.839,17.839,17.556,17.556,762,0
CDL,D,20191009,000000,17.933,17.933,17.178,17.178,1208,0
CDL,D,20191010,000000,17.556,17.744,17.461,17.744,309,0
CDL,D,20191011,000000,17.933,18.641,17.933,18.594,3798,0
CDL,D,20191014,000000,19.066,19.066,18.499,18.499,2298,0
CDL,D,20191015,000000,18.877,18.877,18.499,18.641,1265,0
CDL,D,20191016,000000,18.783,19.349,18.594,18.688,3739,0
CDL,D,20191017,000000,19.066,19.066,18.499,18.499,1618,0
CDL,D,20191018,000000,18.405,19.066,18.358,19.066,835,0
CDL,D,20191021,000000,19.349,19.349,18.877,18.877,2224,0
CDL,D,20191022,000000,18.877,18.877,18.877,18.877,18,0
CDL,D,20191023,000000,19.255,19.255,18.688,18.688,566,0
CDL,D,20191024,000000,18.594,18.877,18.405,18.405,1455,0
CDL,D,20191025,000000,19.16,19.16,18.169,18.783,380,0
CDL,D,20191028,000000,18.783,18.783,17.98,17.98,460,0
CDL,D,20191029,000000,18.028,18.783,18.028,18.783,777,0
CDL,D,20191030,000000,18.877,18.877,18.783,18.83,456,0
CDL,D,20191031,000000,19.349,19.349,18.311,19.066,130,0
CDL,D,20191104,000000,18.971,19.443,18.971,19.443,623,0
CDL,D,20191105,000000,19.443,19.443,19.16,19.16,1393,0
CDL,D,20191106,000000,19.443,19.538,19.16,19.16,1231,0
CDL,D,20191107,000000,19.443,19.443,18.877,18.877,1994,0
CDL,D,20191108,000000,19.16,19.16,18.688,18.688,1679,0
CDL,D,20191112,000000,18.688,19.16,18.499,19.16,345,0
CDL,D,20191113,000000,19.066,19.066,18.877,18.877,567,0
CDL,D,20191114,000000,18.877,19.16,18.877,18.877,1061,0
CDL,D,20191115,000000,18.688,19.066,18.688,19.066,748,0
CDL,D,20191118,000000,19.349,19.349,18.735,19.066,1542,0
CDL,D,20191119,000000,19.255,19.255,18.877,19.066,665,0
CDL,D,20191120,000000,19.16,19.16,18.877,18.877,88,0
CDL,D,20191121,000000,18.877,18.877,18.735,18.735,1486,0
CDL,D,20191122,000000,19.066,19.066,18.641,18.971,760,0
CDL,D,20191125,000000,19.066,19.066,18.688,18.688,464,0
CDL,D,20191126,000000,19.066,19.066,18.594,18.594,202,0
CDL,D,20191127,000000,18.594,18.594,18.405,18.405,718,0
CDL,D,20191128,000000,18.877,18.877,18.358,18.405,1160,0
CDL,D,20191129,000000,18.547,18.83,17.933,17.933,7086,0
CDL,D,20191202,000000,18.216,18.216,17.933,18.122,1137,0
CDL,D,20191203,000000,18.122,18.122,17.744,17.744,1049,0
CDL,D,20191204,000000,17.933,18.122,17.744,17.744,4732,0
CDL,D,20191205,000000,17.744,17.744,17.744,17.744,108,0
CDL,D,20191206,000000,17.744,18.122,17.744,17.933,831,0
CDL,D,20191209,000000,18.216,18.216,17.508,17.839,2434,0
CDL,D,20191210,000000,17.886,17.933,17.886,17.933,813,0
CDL,D,20191211,000000,17.697,17.697,17.697,17.697,53,0
CDL,D,20191212,000000,17.933,17.933,17.461,17.933,5723,0
CDL,D,20191213,000000,18.028,18.028,17.461,17.744,3310,0
CDL,D,20191216,000000,17.744,18.358,17.603,18.358,8675,0
CDL,D,20191217,000000,18.783,19.066,18.499,19.066,2604,0
CDL,D,20191218,000000,19.066,20.576,18.688,20.576,5783,0
CDL,D,20191219,000000,20.576,20.765,20.01,20.765,5836,0
CDL,D,20191220,000000,20.67,20.67,20.104,20.104,2040,0
CDL,D,20191223,000000,20.67,20.67,20.198,20.576,1083,0
CDL,D,20191227,000000,20.293,21.048,19.915,21.048,2406,0
CDL,D,20191230,000000,21.048,23.124,21.048,22.18,3853,0
CDL,D,20200102,000000,22.369,22.369,21.425,21.992,2430,0
CDL,D,20200103,000000,21.992,21.992,21.048,21.709,3094,0
CDL,D,20200107,000000,21.709,21.803,21.614,21.709,1667,0
CDL,D,20200108,000000,21.803,21.803,20.01,21.048,6353,0
CDL,D,20200109,000000,20.387,21.142,20.387,20.953,858,0
CDL,D,20200110,000000,20.765,21.331,20.387,21.331,3369,0
CDL,D,20200113,000000,21.52,21.52,20.765,21.142,4981,0
CDL,D,20200114,000000,21.331,21.331,20.953,21.237,3581,0
CDL,D,20200115,000000,21.52,21.614,21.142,21.237,1496,0
CDL,D,20200116,000000,21.52,21.52,20.67,21.048,4926,0
CDL,D,20200117,000000,21.237,21.237,20.482,20.67,2948,0
CDL,D,20200120,000000,20.953,20.953,19.349,19.821,5837,0
CDL,D,20200121,000000,20.01,20.01,19.443,19.632,2036,0
CDL,D,20200122,000000,19.821,19.821,19.443,19.821,1286,0
CDL,D,20200123,000000,19.821,19.821,19.443,19.821,1186,0
CDL,D,20200124,000000,19.915,20.104,19.821,19.821,617,0
CDL,D,20200127,000000,19.443,19.821,19.066,19.066,2379,0
CDL,D,20200128,000000,19.255,19.255,19.066,19.255,9872,0
CDL,D,20200129,000000,19.726,19.821,19.16,19.255,3034,0
CDL,D,20200130,000000,19.632,19.632,19.16,19.16,521,0
CDL,D,20200131,000000,19.349,19.443,18.971,18.971,2664,0
CDL,D,20200203,000000,18.971,18.971,17.792,17.792,5015,0
CDL,D,20200204,000000,17.98,18.641,17.744,17.792,6827,0
CDL,D,20200205,000000,18.122,18.358,17.603,17.65,3395,0
CDL,D,20200206,000000,17.933,18.594,17.933,17.933,2898,0
CDL,D,20200207,000000,18.122,19.915,18.122,19.349,7030,0
CDL,D,20200210,000000,19.349,19.443,18.547,18.547,4344,0
CDL,D,20200211,000000,18.499,19.066,18.499,18.499,3062,0
CDL,D,20200212,000000,18.688,18.688,18.499,18.499,467,0
CDL,D,20200213,000000,18.594,18.594,18.216,18.405,910,0
CDL,D,20200214,000000,18.405,18.405,17.839,18.311,2778,0
CDL,D,20200217,000000,18.83,18.83,17.933,18.216,1415,0
CDL,D,20200218,000000,18.499,18.499,17.744,17.933,651,0
CDL,D,20200219,000000,17.933,18.358,17.933,17.933,15734,0
CDL,D,20200220,000000,18.216,18.358,17.933,17.933,662,0
CDL,D,20200221,000000,17.933,17.933,17.933,17.933,12202,0
CDL,D,20200224,000000,18.311,18.311,16.659,17.32,3371,0
CDL,D,20200225,000000,16.565,16.989,16.565,16.989,3370,0
CDL,D,20200226,000000,16.895,16.895,15.29,16.045,14186,0
CDL,D,20200227,000000,16.423,16.895,15.951,15.951,13930,0
CDL,D,20200228,000000,15.857,15.857,13.875,15.243,7183,0
CDL,D,20200302,000000,14.63,15.102,13.969,15.102,10397,0
CDL,D,20200303,000000,15.29,16.47,15.29,15.857,5713,0
CDL,D,20200304,000000,16.423,16.423,15.102,15.857,611,0
CDL,D,20200305,000000,15.857,15.857,15.102,15.526,6332,0
CDL,D,20200306,000000,15.526,15.526,15.102,15.102,11874,0
CDL,D,20200309,000000,14.913,14.913,13.45,13.591,17474,0
CDL,D,20200310,000000,13.214,14.441,13.12,14.063,4963,0
CDL,D,20200311,000000,14.488,14.488,12.459,12.742,3700,0
CDL,D,20200312,000000,9.4857,12.27,9.3441,10.666,9921,0
CDL,D,20200313,000000,10.713,11.751,10.666,10.949,11262,0
CDL,D,20200316,000000,10.949,11.279,8.9855,9.4196,32451,0
CDL,D,20200317,000000,9.4385,10.005,9.2875,9.4385,2069,0
CDL,D,20200318,000000,9.722,10.382,9.58,10.382,7433,0
CDL,D,20200319,000000,10.005,10.996,9.4385,9.816,21227,0
CDL,D,20200320,000000,9.816,10.382,9.816,10.382,2372,0
CDL,D,20200323,000000,10.288,10.288,9.4385,9.769,2412,0
CDL,D,20200324,000000,10.194,10.194,9.627,10.005,5118,0
CDL,D,20200325,000000,10.288,10.382,9.722,10.382,1824,0
CDL,D,20200326,000000,10.43,11.515,10.382,11.515,4349,0
CDL,D,20200327,000000,11.798,11.798,10.382,10.807,6814,0
CDL,D,20200330,000000,10.807,10.807,10.194,10.335,5878,0
CDL,D,20200331,000000,10.477,11.326,10.194,11.326,4985,0
CDL,D,20200401,000000,11.326,11.562,11.137,11.515,1649,0
CDL,D,20200402,000000,11.421,11.421,10.335,10.335,1269,0
CDL,D,20200403,000000,10.76,10.76,10.099,10.194,667,0
CDL,D,20200406,000000,10.099,10.901,10.099,10.666,3692,0
CDL,D,20200407,000000,10.901,11.468,10.76,11.468,4332,0
CDL,D,20200408,000000,11.609,11.798,11.09,11.798,1780,0
CDL,D,20200409,000000,11.798,12.27,11.704,12.223,3205,0
CDL,D,20200414,000000,12.223,13.355,12.223,13.167,8738,0
CDL,D,20200415,000000,13.827,13.969,12.884,13.214,5751,0
CDL,D,20200416,000000,13.167,13.214,12.553,12.789,1802,0
CDL,D,20200417,000000,13.12,13.12,12.27,12.506,3020,0
CDL,D,20200420,000000,12.459,12.459,11.751,11.987,3305,0
CDL,D,20200421,000000,12.176,12.412,11.515,11.515,2825,0
CDL,D,20200422,000000,11.515,12.223,11.515,12.223,5243,0
CDL,D,20200423,000000,12.223,13.12,12.223,13.025,4386,0
CDL,D,20200424,000000,13.072,13.072,12.931,13.025,1859,0
CDL,D,20200427,000000,13.072,13.072,12.506,12.742,1655,0
CDL,D,20200428,000000,12.742,12.931,12.553,12.742,1533,0
CDL,D,20200429,000000,12.742,14.63,12.742,14.205,11969,0
CDL,D,20200430,000000,15.102,15.102,13.733,13.875,9828,0
CDL,D,20200504,000000,13.875,13.875,13.12,13.12,3501,0
CDL,D,20200505,000000,13.072,13.12,13.025,13.072,1875,0
CDL,D,20200506,000000,13.544,13.544,13.072,13.12,1805,0
CDL,D,20200507,000000,13.403,13.403,13.072,13.072,944,0
CDL,D,20200508,000000,13.025,13.214,13.025,13.214,95,0
CDL,D,20200511,000000,13.355,13.355,13.167,13.167,362,0
CDL,D,20200512,000000,13.497,13.497,13.497,13.497,46,0
CDL,D,20200513,000000,13.497,13.497,13.167,13.214,282,0
CDL,D,20200514,000000,13.497,13.497,12.742,12.742,1227,0
CDL,D,20200515,000000,13.261,13.261,12.459,12.931,1852,0
CDL,D,20200518,000000,13.025,13.025,11.987,12.223,1945,0
CDL,D,20200519,000000,12.223,12.459,12.176,12.459,2867,0
CDL,D,20200520,000000,12.459,12.695,12.27,12.695,883,0
CDL,D,20200521,000000,12.695,12.695,12.223,12.223,786,0
CDL,D,20200522,000000,12.176,12.176,12.176,12.176,2,0
CDL,D,20200525,000000,12.081,12.364,12.034,12.034,723,0
CDL,D,20200526,000000,12.27,12.27,11.987,12.081,537,0
CDL,D,20200527,000000,12.176,12.459,12.081,12.459,2907,0
CDL,D,20200528,000000,12.553,13.355,12.553,13.355,2139,0
CDL,D,20200529,000000,13.355,13.827,13.355,13.827,1655,0
CDL,D,20200601,000000,13.827,13.827,13.214,13.214,1600,0
CDL,D,20200602,000000,14.441,14.724,13.78,13.78,1491,0
CDL,D,20200603,000000,13.78,14.441,13.78,13.78,2241,0
CDL,D,20200604,000000,14.205,14.205,13.733,13.733,2603,0
CDL,D,20200605,000000,14.063,14.252,13.875,14.158,1706,0
CDL,D,20200608,000000,14.111,14.111,13.12,13.686,1628,0
CDL,D,20200609,000000,13.78,13.78,13.497,13.78,2261,0
CDL,D,20200610,000000,13.733,13.78,13.686,13.686,1992,0
CDL,D,20200612,000000,13.497,13.686,13.497,13.686,938,0
CDL,D,20200615,000000,13.686,13.686,13.497,13.497,196,0
CDL,D,20200616,000000,13.497,13.686,13.497,13.591,582,0
CDL,D,20200617,000000,13.78,15.054,13.497,13.922,1797,0
CDL,D,20200618,000000,13.922,13.922,13.214,13.308,2656,0
CDL,D,20200619,000000,13.827,13.827,13.214,13.214,1041,0
CDL,D,20200622,000000,13.261,13.261,13.214,13.214,719,0
CDL,D,20200623,000000,13.875,13.875,12.506,12.648,7526,0
CDL,D,20200624,000000,12.648,12.648,12.553,12.6,2765,0
CDL,D,20200625,000000,12.648,13.025,12.364,12.364,1329,0
CDL,D,20200626,000000,12.459,12.459,12.364,12.364,1144,0
CDL,D,20200629,000000,12.648,12.648,12.27,12.6,2777,0
CDL,D,20200630,000000,12.459,12.6,12.459,12.6,5864,0
CDL,D,20200701,000000,12.223,12.648,12.223,12.648,402,0
CDL,D,20200702,000000,12.978,12.978,12.978,12.978,5,0
CDL,D,20200703,000000,12.789,12.789,12.695,12.742,53,0
CDL,D,20200706,000000,12.553,12.742,12.27,12.742,2088,0
CDL,D,20200707,000000,12.742,12.742,12.27,12.27,1033,0
CDL,D,20200708,000000,12.27,12.27,11.987,11.987,2904,0
CDL,D,20200709,000000,11.987,12.223,11.987,12.034,1187,0
CDL,D,20200710,000000,11.94,12.034,11.845,11.845,770,0
CDL,D,20200713,000000,12.176,12.27,12.176,12.27,71,0
CDL,D,20200714,000000,12.27,12.27,11.798,11.798,185,0
CDL,D,20200715,000000,11.798,11.798,11.609,11.609,1860,0
CDL,D,20200716,000000,11.798,11.798,11.609,11.609,221,0
CDL,D,20200717,000000,11.421,11.893,11.421,11.798,623,0
CDL,D,20200720,000000,11.798,11.798,11.798,11.798,2,0
CDL,D,20200721,000000,11.798,11.798,11.373,11.515,289,0
CDL,D,20200722,000000,11.798,11.798,11.326,11.798,9937,0
CDL,D,20200723,000000,12.27,12.27,11.893,11.893,172,0
CDL,D,20200724,000000,11.893,12.459,11.893,12.459,303,0
CDL,D,20200727,000000,12.459,12.459,11.798,12.128,4006,0
CDL,D,20200728,000000,12.176,12.176,11.798,11.798,3284,0
CDL,D,20200729,000000,11.798,11.798,11.798,11.798,2954,0
CDL,D,20200730,000000,11.987,11.987,11.798,11.798,2129,0
CDL,D,20200731,000000,11.798,12.27,11.798,12.27,229,0
CDL,D,20200803,000000,12.27,12.836,12.27,12.27,1317,0
CDL,D,20200804,000000,12.695,12.695,11.845,11.845,534,0
CDL,D,20200805,000000,12.27,12.27,11.845,11.845,995,0
CDL,D,20200806,000000,11.798,12.223,11.751,12.223,434,0
CDL,D,20200807,000000,12.27,12.648,12.27,12.648,709,0
CDL,D,20200810,000000,12.648,12.648,12.553,12.553,825,0
CDL,D,20200811,000000,12.695,12.695,12.081,12.553,87,0
CDL,D,20200812,000000,12.695,12.695,12.648,12.695,868,0
CDL,D,20200813,000000,12.695,12.695,12.176,12.553,1033,0
CDL,D,20200814,000000,12.695,12.695,12.506,12.506,26,0
CDL,D,20200817,000000,12.695,12.695,12.6,12.648,152,0
CDL,D,20200818,000000,12.648,12.648,12.081,12.648,1011,0
CDL,D,20200819,000000,12.553,12.553,12.081,12.081,186,0
CDL,D,20200820,000000,12.553,12.553,11.704,11.704,737,0
CDL,D,20200821,000000,11.704,11.987,11.704,11.987,1154,0
CDL,D,20200824,000000,11.987,12.412,11.987,12.412,39,0
CDL,D,20200825,000000,12.412,12.412,12.412,12.412,76,0
CDL,D,20200826,000000,12.412,12.412,12.412,12.412,2,0
CDL,D,20200827,000000,12.176,12.176,11.609,11.751,862,0
CDL,D,20200828,000000,11.515,12.128,11.515,12.128,589,0
CDL,D,20200831,000000,12.176,12.176,12.128,12.128,92,0
CDL,D,20200901,000000,12.176,12.176,11.515,12.081,269,0
CDL,D,20200902,000000,12.176,12.176,12.176,12.176,2,0
CDL,D,20200903,000000,12.081,12.081,12.081,12.081,2,0
CDL,D,20200904,000000,12.081,12.081,11.279,11.515,1482,0
CDL,D,20200907,000000,11.94,11.94,11.515,11.515,214,0
CDL,D,20200908,000000,11.94,11.94,10.996,10.996,716,0
CDL,D,20200909,000000,10.901,10.996,10.901,10.996,257,0
CDL,D,20200910,000000,10.996,11.137,10.996,11.137,791,0
CDL,D,20200911,000000,11.137,11.232,11.137,11.232,334,0
CDL,D,20200914,000000,11.137,11.232,11.137,11.137,1821,0
CDL,D,20200915,000000,11.137,11.137,11.137,11.137,55,0
CDL,D,20200916,000000,11.137,11.137,11.137,11.137,83,0
CDL,D,20200917,000000,11.137,11.326,11.137,11.326,521,0
CDL,D,20200918,000000,11.137,11.326,11.137,11.137,250,0
CDL,D,20200921,000000,10.996,11.137,10.996,11.137,670,0
CDL,D,20200922,000000,11.137,11.751,11.137,11.751,967,0
CDL,D,20200923,000000,11.845,11.845,11.704,11.704,642,0
CDL,D,20200924,000000,11.893,11.893,11.704,11.704,38,0
CDL,D,20200925,000000,11.845,11.845,11.421,11.421,470,0
CDL,D,20200928,000000,11.421,11.657,11.421,11.657,679,0
CDL,D,20200929,000000,11.515,11.515,11.515,11.515,13,0
CDL,D,20200930,000000,11.893,11.893,11.515,11.515,214,0
CDL,D,20201001,000000,11.893,12.459,11.421,11.987,3140,0
CDL,D,20201002,000000,12.459,13.025,11.609,12.081,2583,0
CDL,D,20201005,000000,12.176,12.176,12.176,12.176,204,0
CDL,D,20201006,000000,12.081,12.459,11.987,12.459,111,0
CDL,D,20201007,000000,12.648,12.648,12.459,12.459,34,0
CDL,D,20201008,000000,12.364,12.364,11.845,12.27,1492,0
CDL,D,20201009,000000,11.845,11.845,11.515,11.704,3101,0
CDL,D,20201012,000000,11.326,12.6,11.326,12.6,1169,0
CDL,D,20201013,000000,12.648,12.648,12.27,12.27,1410,0
CDL,D,20201014,000000,12.27,12.27,11.326,11.987,1511,0
CDL,D,20201015,000000,11.893,11.893,11.326,11.326,1820,0
CDL,D,20201016,000000,11.232,11.279,11.232,11.279,761,0
CDL,D,20201019,000000,11.326,11.326,11.326,11.326,212,0
CDL,D,20201020,000000,11.562,11.798,11.562,11.798,1381,0
CDL,D,20201021,000000,11.845,12.081,11.845,12.081,706,0
CDL,D,20201022,000000,12.364,12.364,11.562,11.562,923,0
CDL,D,20201023,000000,11.562,12.081,11.562,12.081,174,0
CDL,D,20201026,000000,12.459,12.836,12.081,12.742,1478,0
CDL,D,20201027,000000,12.648,12.648,12.364,12.364,873,0
CDL,D,20201028,000000,12.742,12.742,11.845,11.845,818,0
CDL,D,20201029,000000,11.845,11.845,11.845,11.845,434,0
CDL,D,20201030,000000,11.845,11.845,11.798,11.798,553,0
CDL,D,20201102,000000,11.845,11.987,11.845,11.987,629,0
CDL,D,20201103,000000,11.893,12.081,11.893,12.081,48,0
CDL,D,20201104,000000,12.081,12.27,11.987,12.176,1016,0
CDL,D,20201105,000000,11.893,12.742,11.893,12.742,1724,0
CDL,D,20201106,000000,12.695,12.789,12.27,12.553,1821,0
CDL,D,20201109,000000,13.025,14.016,12.459,13.497,2340,0
CDL,D,20201110,000000,13.497,13.497,13.072,13.45,873,0
CDL,D,20201112,000000,13.214,13.544,13.214,13.544,1818,0
CDL,D,20201113,000000,13.591,13.591,13.497,13.497,11,0
CDL,D,20201116,000000,13.591,13.591,13.261,13.591,780,0
CDL,D,20201117,000000,13.591,13.591,13.214,13.45,1877,0
CDL,D,20201118,000000,13.497,13.639,13.497,13.639,845,0
CDL,D,20201119,000000,13.875,13.875,13.875,13.875,14,0
CDL,D,20201120,000000,13.875,15.102,13.875,15.102,3932,0
CDL,D,20201123,000000,15.102,15.102,14.63,14.818,1703,0
CDL,D,20201124,000000,15.054,15.385,14.771,15.385,2282,0
CDL,D,20201125,000000,15.385,15.385,14.535,15.102,501,0
CDL,D,20201126,000000,15.196,15.196,13.686,14.299,2451,0
CDL,D,20201127,000000,14.63,15.29,14.535,15.29,833,0
CDL,D,20201130,000000,15.29,15.29,14.913,15.196,7374,0
CDL,D,20201201,000000,15.338,15.715,15.29,15.715,2439,0
CDL,D,20201202,000000,15.715,17.178,15.574,16.989,7690,0
CDL,D,20201203,000000,16.989,17.65,16.989,17.461,1663,0
CDL,D,20201204,000000,17.461,18.783,16.989,18.169,6032,0
CDL,D,20201207,000000,18.169,18.735,16.423,17.65,9980,0
CDL,D,20201208,000000,17.7,17.7,16.2,17.1,3104,0
CDL,D,20201209,000000,17,17,16.3,16.3,3481,0
CDL,D,20201210,000000,16.35,16.55,16.2,16.5,411,0
CDL,D,20201211,000000,16.8,16.8,16.2,16.2,1149,0
CDL,D,20201214,000000,16.2,16.8,15.95,15.95,969,0
CDL,D,20201215,000000,15.3,16.25,15.3,16,1059,0
CDL,D,20201216,000000,15.9,15.9,15.5,15.85,520,0
CDL,D,20201217,000000,15.9,15.9,14.35,14.6,1676,0
CDL,D,20201218,000000,14.6,15.6,14.05,14.9,1188,0
CDL,D,20201221,000000,14.4,14.5,14,14.05,2233,0
CDL,D,20201222,000000,14.45,14.45,14.1,14.45,649,0
CDL,D,20201223,000000,14.45,15.05,14.35,15.05,1503,0
CDL,D,20201228,000000,15,15.95,14.7,15.4,3972,0
CDL,D,20201229,000000,15.25,16.05,15.25,16.05,914,0
CDL,D,20201230,000000,16.15,16.35,16.05,16.35,534,0
CDL,D,20210104,000000,16.55,17.8,16.55,17.75,1567,0
CDL,D,20210105,000000,17.5,17.8,16.6,17.6,2507,0
CDL,D,20210107,000000,17.6,18.5,17.5,18.3,2417,0
CDL,D,20210108,000000,18.5,18.5,17.6,17.7,1061,0
CDL,D,20210111,000000,18,18,17.85,17.85,100,0
CDL,D,20210112,000000,17.75,18.35,17.2,17.2,3576,0
CDL,D,20210113,000000,16.6,17.4,16.6,16.6,1750,0
CDL,D,20210114,000000,16.6,17,16.6,16.7,441,0
CDL,D,20210115,000000,16.75,16.85,16.75,16.8,471,0
CDL,D,20210118,000000,16.8,16.8,16.65,16.65,220,0
CDL,D,20210119,000000,16.8,17.5,16.8,17,1736,0
CDL,D,20210120,000000,16.65,17.2,16.65,17.2,300,0
CDL,D,20210121,000000,17.5,17.5,17.5,17.5,136,0
CDL,D,20210122,000000,17.4,17.4,17.4,17.4,13,0
CDL,D,20210125,000000,17.5,17.5,16.95,16.95,389,0
CDL,D,20210126,000000,17,17,16.75,16.8,172,0
CDL,D,20210127,000000,17,17,16.6,16.6,293,0
CDL,D,20210128,000000,16.6,17,16.6,17,623,0
CDL,D,20210129,000000,17.2,17.2,16.95,16.95,45,0
CDL,D,20210201,000000,17,17,16.5,16.7,536,0
CDL,D,20210202,000000,16.8,17.7,16.8,16.8,3005,0
CDL,D,20210203,000000,16.9,16.9,16.8,16.8,208,0
CDL,D,20210204,000000,16.8,16.8,16.8,16.8,119,0
CDL,D,20210205,000000,17.4,17.4,16.6,16.8,2381,0
