<TICKER>,<PER>,<DATE>,<TIME>,<OPEN>,<HIGH>,<LOW>,<CLOSE>,<VOL>,<OPENINT>
GIF,D,20200724,000000,34.9,34.9,26,31.3,530983,0
GIF,D,20200727,000000,35,40,31.5,40,220342,0
GIF,D,20200728,000000,45,49.5,36.45,36.45,295546,0
GIF,D,20200729,000000,36.4,36.4,30,33.8,74482,0
GIF,D,20200730,000000,34.5,34.5,27,27.6,54361,0
GIF,D,20200804,000000,33,33.55,29.7,31,86802,0
GIF,D,20200805,000000,32.2,32.495,29.5,29.65,25757,0
GIF,D,20200806,000000,30.5,30.5,26.5,27.5,17696,0
GIF,D,20200807,000000,28.4,28.4,24.805,26.3,19132,0
GIF,D,20200810,000000,27.6,27.6,25.8,26,11636,0
GIF,D,20200811,000000,25.85,25.85,22,23.51,20000,0
GIF,D,20200812,000000,23.105,23.105,20.8,22.095,23316,0
GIF,D,20200813,000000,22.095,25.485,22.095,24.5,15921,0
GIF,D,20200814,000000,25.5,26.1,25,25.3,15690,0
GIF,D,20200817,000000,26.3,26.3,23.67,25,7760,0
GIF,D,20200818,000000,26.25,26.25,24.01,24.4,6231,0
GIF,D,20200819,000000,23.5,25.8,23.1,25,6121,0
GIF,D,20200820,000000,25.28,25.9,24.005,24.7,6764,0
GIF,D,20200821,000000,24.7,24.95,24.015,24.5,3433,0
GIF,D,20200824,000000,24.7,26.3,24,24.7,7989,0
GIF,D,20200825,000000,25.4,25.495,24.5,25.49,2507,0
GIF,D,20200826,000000,26.27,26.27,25.6,25.61,4957,0
GIF,D,20200827,000000,25.9,26.3,25.12,25.7,3972,0
GIF,D,20200828,000000,26,26,25,25.7,4934,0
GIF,D,20200831,000000,25.01,25.1,24.5,25.1,4016,0
GIF,D,20200901,000000,25.15,25.205,23.7,24.5,7046,0
GIF,D,20200902,000000,24.8,25.5,24,24.5,6168,0
GIF,D,20200903,000000,25.095,25.095,24.51,24.9,2888,0
GIF,D,20200904,000000,23.7,24.4,23.1,23.15,6951,0
GIF,D,20200907,000000,23.5,24.28,22.295,23.9,4555,0
GIF,D,20200908,000000,23.5,23.8,17.234,22.36,28764,0
GIF,D,20200909,000000,21,21.65,21,21.2,5470,0
GIF,D,20200910,000000,21.2,22.385,21,21.8,9345,0
GIF,D,20200911,000000,22.5,23.4,22.4,22.51,4634,0
GIF,D,20200914,000000,23,23,22.4,22.405,1442,0
GIF,D,20200915,000000,22.405,22.985,21.27,21.5,2582,0
GIF,D,20200916,000000,21.5,22.495,21.3,21.9,2303,0
GIF,D,20200917,000000,22.78,22.78,21.5,22.2,1408,0
GIF,D,20200918,000000,22.7,22.7,21.205,21.55,914,0
GIF,D,20200921,000000,21.55,21.9,20.1,21,3693,0
GIF,D,20200922,000000,21,21,19,20.99,5296,0
GIF,D,20200923,000000,21,21,18.7,19.68,7745,0
GIF,D,20200924,000000,19.9,19.9,18.8,19,2680,0
GIF,D,20200925,000000,19,19,17.5,18.49,4114,0
GIF,D,20200928,000000,18.49,18.916,17.906,18.4,4367,0
GIF,D,20200929,000000,19,20,18.798,19.902,4912,0
GIF,D,20200930,000000,20.44,20.44,19,19.2,3321,0
GIF,D,20201001,000000,19.994,19.994,18.85,19.1,2742,0
GIF,D,20201002,000000,18.9,18.904,17.3,18,8034,0
GIF,D,20201005,000000,18.44,18.948,18.248,18.5,2261,0
GIF,D,20201006,000000,18.8,18.8,18.01,18.01,1657,0
GIF,D,20201007,000000,18.01,18.5,17.998,18,2127,0
GIF,D,20201008,000000,18,18.48,17.7,18.48,3336,0
GIF,D,20201009,000000,18.5,18.5,17.428,17.98,5687,0
GIF,D,20201012,000000,18.4,18.4,16.9,17.15,7770,0
GIF,D,20201013,000000,16.75,17.498,15.082,15.998,20007,0
GIF,D,20201014,000000,15.2,15.7,14.4,15,14616,0
GIF,D,20201015,000000,15,17.4,15,15.85,17588,0
GIF,D,20201016,000000,15.42,17.65,15.42,16.88,9219,0
GIF,D,20201019,000000,17.51,19,16,18.2,14682,0
GIF,D,20201020,000000,18.4,18.99,16.998,17.99,5621,0
GIF,D,20201021,000000,18.85,20,18.018,18.4,9770,0
GIF,D,20201022,000000,18.4,18.878,16.61,18,4023,0
GIF,D,20201023,000000,18,18,16.63,17.3,3835,0
GIF,D,20201026,000000,17.95,17.95,16.2,16.9,5870,0
GIF,D,20201027,000000,16.5,17.788,15.9,16,6173,0
GIF,D,20201028,000000,15.9,15.98,14,15,17886,0
GIF,D,20201029,000000,14.22,14.978,13.51,13.904,9744,0
GIF,D,20201030,000000,13.7,14.38,13.06,14.38,5453,0
GIF,D,20201102,000000,14.85,14.85,13.498,13.898,4430,0
GIF,D,20201103,000000,14.2,14.298,13.5,13.988,5500,0
GIF,D,20201104,000000,13.988,14.82,13.986,14.4,4333,0
GIF,D,20201105,000000,14.82,15.36,14.5,15.27,2900,0
GIF,D,20201106,000000,15.9,15.9,14.5,15.23,4672,0
GIF,D,20201109,000000,15.77,15.798,14.3,15,6067,0
GIF,D,20201110,000000,14.498,14.848,14.31,14.5,8980,0
GIF,D,20201112,000000,14.5,16.9,14.4,16.9,11455,0
GIF,D,20201113,000000,17.7,17.7,15.67,16.428,5760,0
GIF,D,20201116,000000,16.432,16.5,15.05,15.05,4600,0
GIF,D,20201117,000000,15.05,15.918,15.05,15.08,3515,0
GIF,D,20201118,000000,15.1,15.9,15.07,15.9,1788,0
GIF,D,20201119,000000,16.1,16.5,15.31,15.99,2955,0
GIF,D,20201120,000000,16,16.278,15.07,16,1391,0
GIF,D,20201123,000000,16.4,16.4,15.1,15.9,2953,0
GIF,D,20201124,000000,15.9,16.35,15.346,15.412,6457,0
GIF,D,20201125,000000,16,16.02,15.202,15.202,2340,0
GIF,D,20201126,000000,15.996,15.996,15.25,15.25,2434,0
GIF,D,20201127,000000,15.438,15.552,15.1,15.104,2132,0
GIF,D,20201130,000000,15.2,15.2,15,15.148,2363,0
GIF,D,20201201,000000,14.52,15.2,14.52,15,3209,0
GIF,D,20201202,000000,15.15,15.2,14.792,15.1,9027,0
GIF,D,20201203,000000,15.2,15.2,14.9,15.196,1337,0
GIF,D,20201204,000000,15.196,15.196,13.9,14.69,22963,0
GIF,D,20201207,000000,14.94,14.96,14.5,14.8,6094,0
GIF,D,20201208,000000,14.99,14.99,14.65,14.652,2727,0
GIF,D,20201209,000000,14.8,16,14.652,16,14159,0
GIF,D,20201210,000000,16,16,14.7,15,6159,0
GIF,D,20201211,000000,15.2,15.2,14.51,15,2057,0
GIF,D,20201214,000000,15,15,14.2,14.35,6339,0
GIF,D,20201215,000000,14.1,14.488,14,14.35,4699,0
GIF,D,20201216,000000,14.2,14.6,14.01,14.202,8397,0
GIF,D,20201217,000000,14.3,14.41,14,14.156,2721,0
GIF,D,20201218,000000,14.3,14.3,13,13.99,6592,0
GIF,D,20201221,000000,13.98,13.98,13.1,13.5,7014,0
GIF,D,20201222,000000,13.98,13.98,13.32,13.49,9885,0
GIF,D,20201223,000000,13.49,13.8,13.13,13.798,12722,0
GIF,D,20201228,000000,13.7,13.7,12.81,12.942,29983,0
GIF,D,20201229,000000,13,13.5,13,13.5,9480,0
GIF,D,20201230,000000,13.5,13.99,13.498,13.56,5234,0
GIF,D,20210104,000000,13.7,17.5,13.7,17.5,26924,0
GIF,D,20210105,000000,18.15,22,18.15,20,51712,0
GIF,D,20210107,000000,20,21.9,18.51,20.1,26566,0
GIF,D,20210108,000000,21,21,18.61,19.29,11170,0
GIF,D,20210111,000000,19.8,20.845,18.75,20,20874,0
GIF,D,20210112,000000,21.2,21.2,18.8,19.7,6550,0
GIF,D,20210113,000000,19.9,20,18.502,19.13,15298,0
GIF,D,20210114,000000,19,19.39,17.2,18,40522,0
GIF,D,20210115,000000,18,18.396,17.9,17.9,5894,0
GIF,D,20210118,000000,17.55,18.7,17.55,18,6471,0
GIF,D,20210119,000000,17.8,18.398,17.8,17.95,3392,0
GIF,D,20210120,000000,17.882,18.2,17.75,17.802,4642,0
GIF,D,20210121,000000,17.76,17.99,16.4,17.29,7932,0
GIF,D,20210122,000000,17.396,17.396,16.51,16.65,5507,0
GIF,D,20210125,000000,16.65,17.25,16.4,16.4,6826,0
GIF,D,20210126,000000,16.4,16.682,16,16.6,8550,0
GIF,D,20210127,000000,17,18.5,17,17.49,23723,0
GIF,D,20210128,000000,17.55,17.9,16.6,17.3,9845,0
GIF,D,20210129,000000,17.3,17.478,16.804,16.81,5181,0
GIF,D,20210201,000000,16.76,17.146,16.5,16.606,3461,0
GIF,D,20210202,000000,16.8,16.8,16.5,16.7,5364,0
GIF,D,20210203,000000,16.6,17.888,16.5,16.5,12124,0
GIF,D,20210204,000000,16.8,16.888,16.602,16.7,2952,0
GIF,D,20210205,000000,16.8,17.5,16.61,16.794,3689,0
