<TICKER>,<PER>,<DATE>,<TIME>,<OPEN>,<HIGH>,<LOW>,<CLOSE>,<VOL>,<OPENINT>
LVC,D,20140411,000000,14.953,14.953,14.068,14.341,176449,0
LVC,D,20140414,000000,14.256,14.256,13.837,13.952,47784,0
LVC,D,20140415,000000,13.952,14.084,13.875,13.944,4271,0
LVC,D,20140416,000000,13.944,14.053,13.875,13.875,4202,0
LVC,D,20140417,000000,13.796,14.107,13.796,13.952,4583,0
LVC,D,20140422,000000,14.176,14.412,13.992,14.378,2788,0
LVC,D,20140423,000000,14.341,14.42,14.264,14.378,9054,0
LVC,D,20140424,000000,14.378,14.378,14.371,14.371,1174,0
LVC,D,20140425,000000,14.247,14.341,13.952,14.341,11394,0
LVC,D,20140428,000000,14.378,14.378,13.96,14.333,1055,0
LVC,D,20140429,000000,14.333,14.333,13.952,14.333,1884,0
LVC,D,20140430,000000,14.378,14.378,13.952,14.256,4036,0
LVC,D,20140502,000000,14.325,14.325,13.952,13.952,4629,0
LVC,D,20140505,000000,14.264,14.308,14.031,14.031,891,0
LVC,D,20140506,000000,14.031,14.186,13.952,14.031,1572,0
LVC,D,20140507,000000,13.952,13.96,13.782,13.907,8647,0
LVC,D,20140508,000000,13.907,13.914,13.881,13.881,1983,0
LVC,D,20140509,000000,13.89,13.89,13.719,13.719,930,0
LVC,D,20140512,000000,13.719,13.79,12.96,13.332,74906,0
LVC,D,20140513,000000,13.481,13.481,13.177,13.318,3261,0
LVC,D,20140514,000000,13.193,13.193,13.1,13.193,17963,0
LVC,D,20140515,000000,13.177,13.564,13.177,13.564,392,0
LVC,D,20140516,000000,13.557,13.564,13.177,13.557,2958,0
LVC,D,20140519,000000,13.525,13.525,13.525,13.525,10,0
LVC,D,20140520,000000,13.262,13.294,12.929,13.269,1953,0
LVC,D,20140521,000000,13.262,13.278,12.907,13.216,1003,0
LVC,D,20140522,000000,13.285,13.907,13.177,13.907,4112,0
LVC,D,20140523,000000,13.837,13.944,13.837,13.944,1304,0
LVC,D,20140526,000000,13.944,13.992,13.944,13.992,5,0
LVC,D,20140527,000000,13.952,13.952,13.76,13.935,862,0
LVC,D,20140528,000000,13.944,13.944,13.944,13.944,10,0
LVC,D,20140529,000000,13.796,13.796,13.642,13.719,559,0
LVC,D,20140530,000000,13.642,14.333,13.41,14.333,6512,0
LVC,D,20140602,000000,14.3,14.3,13.796,13.907,1489,0
LVC,D,20140603,000000,13.952,13.952,13.21,13.837,321,0
LVC,D,20140604,000000,13.332,13.837,13.332,13.796,916,0
LVC,D,20140605,000000,13.488,13.679,13.488,13.679,500,0
LVC,D,20140606,000000,13.796,14.146,13.656,13.656,15061,0
LVC,D,20140609,000000,13.907,14.224,13.564,14.224,5210,0
LVC,D,20140610,000000,14.316,14.325,14.186,14.186,3640,0
LVC,D,20140611,000000,14.186,14.186,13.952,14.131,1435,0
LVC,D,20140612,000000,14.131,14.131,14.107,14.124,406,0
LVC,D,20140613,000000,13.952,14.114,13.952,14.114,960,0
LVC,D,20140616,000000,14.107,14.107,13.642,14.06,1244,0
LVC,D,20140617,000000,14.114,14.114,13.811,14.107,2130,0
LVC,D,20140618,000000,14.099,14.146,14.099,14.107,577,0
LVC,D,20140620,000000,14.146,14.146,14.107,14.146,451,0
LVC,D,20140623,000000,14.107,14.107,14.107,14.107,44,0
LVC,D,20140624,000000,14.168,14.168,13.875,14.139,719,0
LVC,D,20140625,000000,14.164,14.164,14.107,14.107,569,0
LVC,D,20140626,000000,13.612,14.099,13.612,14.099,3228,0
LVC,D,20140627,000000,14.107,14.107,14.031,14.031,15,0
LVC,D,20140630,000000,14.092,14.092,13.803,13.952,564,0
LVC,D,20140701,000000,13.952,13.952,13.642,13.642,211,0
LVC,D,20140702,000000,13.837,13.875,13.448,13.875,4695,0
LVC,D,20140703,000000,13.875,13.875,13.875,13.875,10,0
LVC,D,20140704,000000,13.875,13.875,13.875,13.875,10,0
LVC,D,20140707,000000,13.875,13.875,13.869,13.869,1949,0
LVC,D,20140708,000000,13.875,13.875,13.796,13.852,2626,0
LVC,D,20140709,000000,13.852,13.852,13.488,13.843,1331,0
LVC,D,20140710,000000,13.843,13.843,13.448,13.819,3246,0
LVC,D,20140711,000000,13.819,13.819,13.488,13.719,1761,0
LVC,D,20140714,000000,13.417,13.774,13.417,13.774,1716,0
LVC,D,20140715,000000,13.774,13.774,13.466,13.679,830,0
LVC,D,20140716,000000,13.774,13.774,13.301,13.517,1330,0
LVC,D,20140717,000000,13.596,13.596,13.177,13.564,2252,0
LVC,D,20140718,000000,13.557,13.774,13.253,13.774,1432,0
LVC,D,20140721,000000,13.564,13.564,13.177,13.448,2363,0
LVC,D,20140722,000000,13.481,13.581,13.41,13.41,85,0
LVC,D,20140723,000000,13.332,13.41,13.332,13.41,288,0
LVC,D,20140724,000000,13.41,13.41,13.363,13.363,2339,0
LVC,D,20140725,000000,13.549,13.549,13.239,13.309,11887,0
LVC,D,20140728,000000,13.629,13.629,13.525,13.525,3875,0
LVC,D,20140729,000000,13.067,13.424,13.067,13.265,10645,0
LVC,D,20140730,000000,13.297,13.297,13.146,13.226,319,0
LVC,D,20140731,000000,13.211,13.211,13.051,13.211,3019,0
LVC,D,20140801,000000,13.265,13.265,12.672,13.247,5630,0
LVC,D,20140804,000000,13.146,13.382,13.146,13.337,5114,0
LVC,D,20140805,000000,13.464,13.464,12.829,12.829,981,0
LVC,D,20140806,000000,12.868,12.868,12.672,12.672,6509,0
LVC,D,20140807,000000,12.663,12.663,11.879,12.402,21425,0
LVC,D,20140808,000000,12.402,12.402,11.404,12.038,11871,0
LVC,D,20140811,000000,12.188,12.188,12.029,12.038,2539,0
LVC,D,20140812,000000,12.226,12.226,11.879,12.029,106,0
LVC,D,20140813,000000,12.219,12.219,12.038,12.038,135,0
LVC,D,20140814,000000,12.226,12.226,11.682,12.038,437,0
LVC,D,20140818,000000,12.226,12.226,11.761,12.118,619,0
LVC,D,20140819,000000,12.109,12.109,11.879,12.038,914,0
LVC,D,20140820,000000,12.038,12.038,11.72,12.038,1352,0
LVC,D,20140821,000000,12.038,12.038,11.879,11.879,168,0
LVC,D,20140822,000000,11.919,12.038,11.919,12.038,707,0
LVC,D,20140825,000000,11.887,12.672,11.887,12.274,864,0
LVC,D,20140826,000000,12.274,12.274,11.919,12.029,69,0
LVC,D,20140827,000000,12.029,12.029,11.959,12.029,768,0
LVC,D,20140828,000000,12.029,12.029,11.879,11.879,13124,0
LVC,D,20140829,000000,11.879,11.879,11.53,11.72,16902,0
LVC,D,20140901,000000,11.879,11.879,11.245,11.871,15257,0
LVC,D,20140902,000000,11.879,11.879,11.485,11.871,4502,0
LVC,D,20140903,000000,11.563,12.672,11.563,12.672,2717,0
LVC,D,20140904,000000,12.672,12.751,12.363,12.743,3655,0
LVC,D,20140905,000000,12.751,12.751,12.196,12.196,1007,0
LVC,D,20140908,000000,12.274,12.274,11.879,12.267,1471,0
LVC,D,20140909,000000,12.267,12.267,11.8,11.879,178654,0
LVC,D,20140910,000000,11.997,11.997,11.879,11.941,178795,0
LVC,D,20140911,000000,12.656,12.656,12.118,12.157,2304,0
LVC,D,20140912,000000,12.235,12.584,12.235,12.584,51868,0
LVC,D,20140915,000000,12.663,13.105,12.592,12.837,26538,0
LVC,D,20140916,000000,12.829,13.155,12.829,13.146,44500,0
LVC,D,20140917,000000,13.162,13.851,13.162,13.48,32646,0
LVC,D,20140918,000000,13.693,13.859,13.48,13.859,33830,0
LVC,D,20140919,000000,14.167,14.167,14.129,14.129,575,0
LVC,D,20140922,000000,14.237,14.237,13.936,14.088,862,0
LVC,D,20140923,000000,14.096,14.364,14.088,14.256,4248,0
LVC,D,20140924,000000,14.256,14.256,14.174,14.256,7395,0
LVC,D,20140925,000000,14.256,14.256,13.724,14.256,5077,0
LVC,D,20140926,000000,13.875,14.256,13.868,14.256,4015,0
LVC,D,20140929,000000,14.256,14.492,14.174,14.484,11554,0
LVC,D,20140930,000000,14.484,14.492,14.018,14.492,20874,0
LVC,D,20141001,000000,14.492,14.492,14.27,14.492,19496,0
LVC,D,20141002,000000,14.492,14.492,14.406,14.477,50704,0
LVC,D,20141003,000000,14.492,14.492,14.193,14.198,63192,0
LVC,D,20141006,000000,14.174,14.603,14.174,14.603,23612,0
LVC,D,20141007,000000,14.611,14.611,14.318,14.571,31743,0
LVC,D,20141008,000000,14.611,14.611,14.286,14.571,40530,0
LVC,D,20141009,000000,14.611,14.611,14.571,14.571,15566,0
LVC,D,20141010,000000,14.611,14.651,14.571,14.571,16674,0
LVC,D,20141013,000000,14.611,14.747,14.611,14.729,14641,0
LVC,D,20141014,000000,14.692,14.729,14.532,14.532,40163,0
LVC,D,20141015,000000,14.611,14.611,14.256,14.422,487,0
LVC,D,20141016,000000,14.563,14.66,14.295,14.66,51187,0
LVC,D,20141017,000000,14.692,14.729,14.651,14.651,5869,0
LVC,D,20141020,000000,14.651,14.651,14.651,14.651,20,0
LVC,D,20141021,000000,14.651,14.651,14.651,14.651,12632,0
LVC,D,20141022,000000,14.722,14.722,14.651,14.651,12760,0
LVC,D,20141023,000000,14.651,14.651,14.651,14.651,12766,0
LVC,D,20141024,000000,14.651,14.651,14.415,14.651,2626,0
LVC,D,20141027,000000,14.722,14.722,14.642,14.642,135,0
LVC,D,20141028,000000,14.642,14.642,14.642,14.642,5,0
LVC,D,20141029,000000,14.642,14.642,14.642,14.642,3,0
LVC,D,20141030,000000,14.642,14.642,14.563,14.563,6,0
LVC,D,20141031,000000,14.633,14.633,14.256,14.256,6,0
LVC,D,20141103,000000,14.301,14.301,13.702,14.207,2295,0
LVC,D,20141104,000000,14.151,14.167,13.936,14.167,746,0
LVC,D,20141105,000000,14.256,15.047,14.207,14.264,5502,0
LVC,D,20141106,000000,14.286,14.373,14.286,14.373,62,0
LVC,D,20141107,000000,14.96,14.96,14.422,14.651,340,0
LVC,D,20141110,000000,14.919,14.926,14.88,14.88,3451,0
LVC,D,20141112,000000,14.905,15.363,14.849,15.198,54574,0
LVC,D,20141113,000000,15.165,15.799,15.165,15.719,2303,0
LVC,D,20141114,000000,15.719,15.719,15.284,15.719,1337,0
LVC,D,20141117,000000,15.679,15.679,15.284,15.625,140,0
LVC,D,20141118,000000,15.625,15.799,15.245,15.245,1693,0
LVC,D,20141119,000000,15.514,15.514,15.087,15.127,271,0
LVC,D,20141120,000000,15.039,15.039,14.507,14.864,223,0
LVC,D,20141121,000000,14.864,15.039,14.864,14.968,367,0
LVC,D,20141124,000000,15.039,15.039,14.953,14.953,1285,0
LVC,D,20141125,000000,15.039,15.444,15.039,15.22,33037,0
LVC,D,20141126,000000,15.284,17.819,15.284,17.819,60592,0
LVC,D,20141127,000000,17.422,17.819,16.448,17.588,9161,0
LVC,D,20141128,000000,17.605,20.117,17.597,19.806,67058,0
LVC,D,20141201,000000,19.806,21.968,19.798,21.968,237998,0
LVC,D,20141202,000000,22.174,22.174,20.59,21.225,7583,0
LVC,D,20141203,000000,20.472,23.678,20.472,23.678,25576,0
LVC,D,20141204,000000,23.757,24.865,22.426,22.426,173187,0
LVC,D,20141205,000000,22.426,24.153,22.174,24.114,8070,0
LVC,D,20141208,000000,24.114,24.549,22.489,22.95,10754,0
LVC,D,20141209,000000,22.568,22.61,20.947,20.947,7171,0
LVC,D,20141210,000000,20.954,22.149,20.954,21.69,627,0
LVC,D,20141211,000000,21.612,21.612,19.901,20.607,4635,0
LVC,D,20141212,000000,21.381,23.599,20.312,23.599,14192,0
LVC,D,20141215,000000,22.333,22.966,22.182,22.649,940,0
LVC,D,20141216,000000,21.857,21.857,21.381,21.381,6033,0
LVC,D,20141217,000000,21.381,22.649,21.381,22.568,1285,0
LVC,D,20141218,000000,22.649,22.966,22.489,22.966,25093,0
LVC,D,20141219,000000,23.36,23.479,22.411,22.966,19858,0
LVC,D,20141222,000000,23.479,23.479,22.443,23.299,218,0
LVC,D,20141223,000000,22.489,23.35,22.489,22.966,1745,0
LVC,D,20141229,000000,23.299,23.299,22.174,22.174,9501,0
LVC,D,20141230,000000,22.174,22.174,21.05,22.165,39593,0
LVC,D,20150102,000000,22.165,22.545,21.462,21.612,755,0
LVC,D,20150105,000000,21.778,22.363,21.778,22.174,1194,0
LVC,D,20150107,000000,21.698,22.182,21.698,22.174,1166,0
LVC,D,20150108,000000,22.165,22.165,21.381,21.778,9276,0
LVC,D,20150109,000000,21.762,21.778,21.263,21.778,4684,0
LVC,D,20150112,000000,21.927,22.879,21.698,22.489,25140,0
LVC,D,20150113,000000,22.063,22.063,21.913,21.945,382,0
LVC,D,20150114,000000,21.548,22.095,21.54,21.778,362,0
LVC,D,20150115,000000,21.628,21.628,21.619,21.619,681,0
LVC,D,20150116,000000,21.628,22.165,21.619,22.165,164,0
LVC,D,20150119,000000,22.165,22.165,21.032,21.381,14310,0
LVC,D,20150120,000000,21.422,21.58,21.422,21.422,3902,0
LVC,D,20150121,000000,21.406,21.698,21.025,21.698,7692,0
LVC,D,20150122,000000,21.802,21.802,21.462,21.47,981,0
LVC,D,20150123,000000,21.769,21.769,21.66,21.66,249,0
LVC,D,20150126,000000,21.731,22.531,21.731,22.396,8743,0
LVC,D,20150127,000000,23.115,25.839,22.703,25.839,58781,0
LVC,D,20150128,000000,26.331,27.636,24.787,25.777,10526,0
LVC,D,20150129,000000,26.927,27.4,24.73,25.541,41846,0
LVC,D,20150130,000000,25.649,26.291,24.947,26.291,8282,0
LVC,D,20150202,000000,26.491,26.491,25.113,26.133,4082,0
LVC,D,20150203,000000,26.275,26.275,25.333,25.333,3312,0
LVC,D,20150204,000000,25.333,25.34,24.31,25.34,35878,0
LVC,D,20150205,000000,25.34,26.768,24.947,26.529,21925,0
LVC,D,20150206,000000,26.521,26.687,26.449,26.687,1860,0
LVC,D,20150209,000000,27.275,27.275,25.974,25.974,15678,0
LVC,D,20150210,000000,25.894,26.133,25.104,25.445,10126,0
LVC,D,20150211,000000,25.438,25.438,24.985,25.135,619,0
LVC,D,20150212,000000,25.34,26.095,25.34,26.095,23768,0
LVC,D,20150213,000000,25.675,26.054,25.39,25.626,7394,0
LVC,D,20150216,000000,25.642,26.133,25.617,25.649,82626,0
LVC,D,20150217,000000,25.649,26.3,25.418,26.125,60236,0
LVC,D,20150218,000000,26.125,26.133,25.839,25.839,1916,0
LVC,D,20150219,000000,26.038,26.687,25.839,26.687,2900,0
LVC,D,20150220,000000,26.687,27.501,26.687,27.322,4236,0
LVC,D,20150223,000000,27.636,29.144,27.636,28.51,7667,0
LVC,D,20150224,000000,28.825,28.825,28.01,28.51,5252,0
LVC,D,20150225,000000,28.154,28.154,27.003,27.718,1613,0
LVC,D,20150226,000000,28.313,28.313,27.003,27.987,848,0
LVC,D,20150227,000000,27.885,28.501,27.885,28.486,4177,0
LVC,D,20150302,000000,28.51,28.51,26.927,28.343,5137,0
LVC,D,20150303,000000,28.114,28.114,27.242,27.242,4286,0
LVC,D,20150304,000000,27.061,27.694,26.927,27.607,3296,0
LVC,D,20150305,000000,27.441,27.678,27.4,27.669,660,0
LVC,D,20150306,000000,27.322,27.353,26.222,26.222,3944,0
LVC,D,20150309,000000,26.401,27.147,25.438,27.147,14336,0
LVC,D,20150310,000000,27.156,28.191,27.068,28.114,14213,0
LVC,D,20150311,000000,28.114,28.114,27.361,27.4,318,0
LVC,D,20150313,000000,27.4,27.718,26.927,26.927,1403,0
LVC,D,20150316,000000,27.307,27.636,27.012,27.124,1876,0
LVC,D,20150317,000000,26.933,27.003,26.807,26.807,749,0
LVC,D,20150318,000000,26.711,26.807,26.65,26.65,359,0
LVC,D,20150319,000000,26.727,27.636,26.687,27.52,2737,0
LVC,D,20150320,000000,27.52,27.636,26.927,27.636,2141,0
LVC,D,20150323,000000,27.242,27.623,26.845,27.344,3175,0
LVC,D,20150324,000000,27.322,28.114,27.322,27.995,29755,0
LVC,D,20150325,000000,27.607,27.607,26.687,26.886,1135,0
LVC,D,20150326,000000,27.242,27.315,26.886,27.163,1680,0
LVC,D,20150327,000000,27.322,27.718,26.687,26.799,15041,0
LVC,D,20150330,000000,27.163,28.019,26.608,26.608,15229,0
LVC,D,20150331,000000,26.212,26.212,25.777,25.839,20316,0
LVC,D,20150401,000000,25.974,27.52,25.974,26.927,57075,0
LVC,D,20150402,000000,27.424,27.636,27.322,27.472,6414,0
LVC,D,20150407,000000,27.501,28.033,27.33,27.33,4133,0
LVC,D,20150408,000000,27.33,27.33,26.536,27.082,3599,0
LVC,D,20150409,000000,27.082,27.082,26.291,26.356,5732,0
LVC,D,20150410,000000,26.374,26.529,26.133,26.374,6925,0
LVC,D,20150413,000000,26.449,26.449,25.34,25.579,5477,0
LVC,D,20150414,000000,25.508,25.508,23.36,24.137,11118,0
LVC,D,20150415,000000,24.114,25.023,23.757,25.023,4481,0
LVC,D,20150416,000000,25.023,25.579,25.023,25.191,1924,0
LVC,D,20150417,000000,25.617,25.617,24.865,24.865,3081,0
LVC,D,20150420,000000,24.858,24.858,24.193,24.549,2047,0
LVC,D,20150421,000000,24.549,24.842,24.193,24.193,2146,0
LVC,D,20150422,000000,24.296,24.51,24.177,24.43,1078,0
LVC,D,20150423,000000,24.549,24.858,24.43,24.708,2603,0
LVC,D,20150424,000000,24.549,24.947,24.549,24.549,2255,0
LVC,D,20150427,000000,24.748,24.748,23.871,24.549,6688,0
LVC,D,20150428,000000,24.676,24.676,23.914,24.541,842,0
LVC,D,20150429,000000,24.541,24.541,23.757,24.132,8215,0
LVC,D,20150430,000000,24.478,24.478,23.765,23.765,2182,0
LVC,D,20150504,000000,23.757,24.153,23.757,23.941,5968,0
LVC,D,20150505,000000,24.153,24.469,23.996,24.201,12090,0
LVC,D,20150506,000000,24.272,24.272,23.806,23.996,4612,0
LVC,D,20150507,000000,24.011,24.114,24.006,24.066,8162,0
LVC,D,20150508,000000,24.272,24.906,24.233,24.708,1118,0
LVC,D,20150511,000000,25.737,25.983,25.34,25.983,12472,0
LVC,D,20150512,000000,26.117,26.133,25.737,25.974,9150,0
LVC,D,20150513,000000,25.579,26.212,24.565,26.198,15392,0
LVC,D,20150514,000000,26.125,26.125,25.104,25.34,1708,0
LVC,D,20150515,000000,25.737,25.737,24.961,25.737,872,0
LVC,D,20150518,000000,25.737,25.737,23.678,23.678,8675,0
LVC,D,20150519,000000,24.947,25.959,24.31,25.959,27914,0
LVC,D,20150520,000000,25.937,25.937,24.549,25.73,23500,0
LVC,D,20150521,000000,25.642,25.642,25.064,25.469,591,0
LVC,D,20150522,000000,25.143,25.418,25.143,25.263,2691,0
LVC,D,20150525,000000,25.253,25.382,25.143,25.34,604,0
LVC,D,20150526,000000,25.34,26.125,25.191,25.888,22116,0
LVC,D,20150527,000000,25.888,25.937,24.947,25.937,1545,0
LVC,D,20150528,000000,25.894,25.937,25.033,25.818,2524,0
LVC,D,20150529,000000,25.894,25.937,25.818,25.937,3455,0
LVC,D,20150601,000000,25.966,25.966,25.34,25.918,1037,0
LVC,D,20150602,000000,25.918,25.974,25.737,25.974,906,0
LVC,D,20150603,000000,26.014,26.014,25.348,25.856,1069,0
LVC,D,20150605,000000,25.818,25.818,25.072,25.072,1830,0
LVC,D,20150608,000000,24.804,25.617,24.787,25.491,1308,0
LVC,D,20150609,000000,25.579,25.603,24.549,24.787,4679,0
LVC,D,20150610,000000,24.787,25.34,24.787,24.906,1238,0
LVC,D,20150611,000000,25.023,25.34,24.787,25.182,3025,0
LVC,D,20150612,000000,24.708,24.708,24.414,24.519,1074,0
LVC,D,20150615,000000,24.708,25.135,24.399,25.135,637,0
LVC,D,20150616,000000,25.127,25.127,24.469,24.787,1171,0
LVC,D,20150617,000000,24.985,25.023,24.978,25.023,728,0
LVC,D,20150618,000000,24.787,24.787,24.153,24.351,1856,0
LVC,D,20150619,000000,24.883,24.883,23.765,23.765,3163,0
LVC,D,20150622,000000,24.233,24.233,22.031,23.718,21290,0
LVC,D,20150623,000000,23.52,23.678,22.754,23.678,4680,0
LVC,D,20150624,000000,23.165,23.622,22.806,23.622,2567,0
LVC,D,20150625,000000,23.614,23.678,22.973,23.63,2096,0
LVC,D,20150626,000000,23.417,23.417,23.345,23.409,1912,0
LVC,D,20150629,000000,22.95,22.95,20.671,22.451,9157,0
LVC,D,20150630,000000,22.411,22.411,21.905,22.396,1552,0
LVC,D,20150701,000000,21.991,22.482,21.795,22.174,8742,0
LVC,D,20150702,000000,22.174,22.371,21.857,21.857,3555,0
LVC,D,20150703,000000,22.174,22.174,21.778,22.056,2757,0
LVC,D,20150706,000000,21.58,22.958,21.58,22.879,2285,0
LVC,D,20150707,000000,23.678,23.749,22.174,22.649,3001,0
LVC,D,20150708,000000,22.371,22.371,21.935,21.935,986,0
LVC,D,20150709,000000,21.778,22.174,21.778,22.015,596,0
LVC,D,20150710,000000,23.203,23.283,22.966,23.283,631,0
LVC,D,20150713,000000,23.757,23.987,23.442,23.678,3279,0
LVC,D,20150714,000000,23.527,23.527,23.36,23.36,206,0
LVC,D,20150715,000000,23.749,24.145,23.568,23.568,10048,0
LVC,D,20150716,000000,23.749,24.393,23.52,24.393,4760,0
LVC,D,20150717,000000,24.541,24.565,23.914,23.914,1265,0
LVC,D,20150720,000000,23.956,23.956,23.52,23.757,1630,0
LVC,D,20150721,000000,23.956,23.956,23.165,23.52,4131,0
LVC,D,20150722,000000,24.21,24.21,22.687,23.308,8089,0
LVC,D,20150723,000000,23.749,23.749,22.973,23.006,620,0
LVC,D,20150724,000000,23.014,23.156,23.014,23.156,190,0
LVC,D,20150727,000000,23.559,23.559,23.006,23.36,1238,0
LVC,D,20150728,000000,23.094,23.857,22.77,23.541,1374,0
LVC,D,20150729,000000,23.613,23.613,23.531,23.531,443,0
LVC,D,20150730,000000,23.531,23.695,23.531,23.695,870,0
LVC,D,20150731,000000,23.531,23.824,23.531,23.824,836,0
LVC,D,20150803,000000,23.824,23.847,23.531,23.847,1550,0
LVC,D,20150804,000000,23.93,23.939,23.531,23.939,10706,0
LVC,D,20150805,000000,22.314,23.939,22.314,23.939,879,0
LVC,D,20150806,000000,24.328,24.342,23.37,23.491,906,0
LVC,D,20150807,000000,23.531,23.531,23.289,23.531,13277,0
LVC,D,20150810,000000,23.613,23.93,23.531,23.93,915,0
LVC,D,20150811,000000,24.587,24.903,24.126,24.903,15812,0
LVC,D,20150812,000000,24.913,24.913,24.691,24.832,544,0
LVC,D,20150813,000000,25.034,25.034,24.75,25.024,1392,0
LVC,D,20150814,000000,25.034,25.034,24.709,24.913,1759,0
LVC,D,20150817,000000,25.042,25.56,24.75,25.455,9642,0
LVC,D,20150818,000000,25.478,25.959,25.237,25.959,19474,0
LVC,D,20150819,000000,25.951,26.78,25.835,26.616,12242,0
LVC,D,20150820,000000,26.78,26.78,26.495,26.696,1766,0
LVC,D,20150821,000000,26.658,26.658,25.478,25.56,1583,0
LVC,D,20150824,000000,24.342,24.342,21.909,22.801,16794,0
LVC,D,20150825,000000,22.801,24.66,22.801,24.342,2600,0
LVC,D,20150826,000000,24.717,24.717,23.531,23.939,2292,0
LVC,D,20150827,000000,24.019,25.116,24.019,25.107,856,0
LVC,D,20150828,000000,25.107,25.116,24.108,25.097,1734,0
LVC,D,20150831,000000,25.155,25.155,24.019,24.789,922,0
LVC,D,20150901,000000,24.913,24.913,23.963,24.709,1965,0
LVC,D,20150902,000000,24.913,25.965,24.587,25.376,11475,0
LVC,D,20150903,000000,25.681,25.951,25.155,25.56,948,0
LVC,D,20150904,000000,25.965,25.965,24.757,25.478,5287,0
LVC,D,20150907,000000,24.506,25.602,24.506,25.602,742,0
LVC,D,20150908,000000,25.602,25.602,24.523,24.709,3353,0
LVC,D,20150909,000000,25.554,25.554,24.709,24.96,747,0
LVC,D,20150910,000000,25.376,25.554,25.187,25.187,57143,0
LVC,D,20150911,000000,25.56,25.56,24.75,25.56,63460,0
LVC,D,20150914,000000,25.56,25.602,25.196,25.56,1221,0
LVC,D,20150915,000000,25.56,25.56,24.789,25.554,2158,0
LVC,D,20150916,000000,25.554,25.554,25.319,25.478,751,0
LVC,D,20150917,000000,25.544,25.544,25.074,25.074,1873,0
LVC,D,20150918,000000,25.074,25.097,25.074,25.074,406,0
LVC,D,20150921,000000,25.399,25.634,25.399,25.634,2758,0
LVC,D,20150922,000000,25.641,25.732,24.936,25.724,2459,0
LVC,D,20150923,000000,25.724,25.724,24.587,25.155,1814,0
LVC,D,20150924,000000,25.155,25.155,24.75,25.155,458,0
LVC,D,20150925,000000,25.155,25.52,24.732,25.52,1152,0
LVC,D,20150928,000000,25.56,25.56,24.432,24.571,3745,0
LVC,D,20150929,000000,24.351,25.147,24.18,25.139,1001,0
LVC,D,20150930,000000,25.544,25.554,24.506,25.478,321,0
LVC,D,20151001,000000,25.544,25.56,24.952,25.034,1531,0
LVC,D,20151002,000000,25.478,25.56,25.116,25.116,1241,0
LVC,D,20151005,000000,25.796,27.743,25.796,27.743,240634,0
LVC,D,20151006,000000,27.711,28.361,27.581,28.321,16707,0
LVC,D,20151007,000000,28.4,29.213,27.996,28.814,39988,0
LVC,D,20151008,000000,28.83,29.978,28.808,29.213,5723,0
LVC,D,20151009,000000,29.594,29.86,29.05,29.788,156804,0
LVC,D,20151012,000000,29.78,29.78,28.808,29.213,2953,0
LVC,D,20151013,000000,29.132,29.132,27.223,27.996,129791,0
LVC,D,20151014,000000,28.035,28.808,27.362,28.279,15389,0
LVC,D,20151015,000000,28.808,29.058,28.4,29.058,2325,0
LVC,D,20151016,000000,29.058,29.618,29.05,29.05,3295,0
LVC,D,20151019,000000,29.375,29.456,28.808,28.969,3176,0
LVC,D,20151020,000000,29.05,29.091,28.808,29.05,652,0
LVC,D,20151021,000000,28.742,29.213,28.742,28.886,6355,0
LVC,D,20151022,000000,28.886,28.886,27.93,28.321,4216,0
LVC,D,20151023,000000,27.954,28.4,27.954,28.4,1340,0
LVC,D,20151026,000000,28.386,29.213,28.002,29.17,4202,0
LVC,D,20151027,000000,29.189,29.213,28.886,29.132,5145,0
LVC,D,20151028,000000,29.189,29.189,28.011,28.4,7097,0
LVC,D,20151029,000000,28.4,28.4,27.792,27.792,7886,0
LVC,D,20151030,000000,27.629,28.386,27.629,27.913,8517,0
LVC,D,20151102,000000,28.321,28.321,27.882,28.24,2453,0
LVC,D,20151103,000000,28.434,29.984,28.434,29.855,19451,0
LVC,D,20151104,000000,29.901,29.901,29.618,29.86,6722,0
LVC,D,20151105,000000,29.86,29.893,29.222,29.78,2401,0
LVC,D,20151106,000000,29.78,30.429,29.222,30.194,9948,0
LVC,D,20151109,000000,30.389,30.737,30.202,30.267,24558,0
LVC,D,20151110,000000,30.429,30.787,29.942,30.672,7907,0
LVC,D,20151112,000000,30.745,30.787,30.429,30.787,2496,0
LVC,D,20151113,000000,30.745,30.745,29.701,29.701,2933,0
LVC,D,20151116,000000,29.701,29.936,28.886,29.926,4862,0
LVC,D,20151117,000000,29.926,30.348,29.618,30.348,2214,0
LVC,D,20151118,000000,30.462,30.511,30.389,30.511,2780,0
LVC,D,20151119,000000,30.745,31.429,30.65,31.402,19884,0
LVC,D,20151120,000000,31.565,32.214,30.835,31.972,21264,0
LVC,D,20151123,000000,32.297,32.297,31.402,31.72,6883,0
LVC,D,20151124,000000,32.297,32.442,30.916,31.289,5792,0
LVC,D,20151125,000000,31.648,32.377,31.648,32.278,8354,0
LVC,D,20151126,000000,32.278,32.377,31.67,32.297,3201,0
LVC,D,20151127,000000,32.297,32.297,31.648,32.012,3471,0
LVC,D,20151130,000000,32.37,32.37,31.89,31.89,4901,0
LVC,D,20151201,000000,31.727,32.287,31.727,32.278,1835,0
LVC,D,20151202,000000,32.377,33.256,32.297,32.702,138565,0
LVC,D,20151203,000000,33.107,33.157,31.648,31.808,56148,0
LVC,D,20151204,000000,31.648,32.053,30.843,31.161,6508,0
LVC,D,20151207,000000,31.402,32.264,31.402,31.485,4055,0
LVC,D,20151208,000000,31.565,32.287,31.565,31.808,33834,0
LVC,D,20151209,000000,31.89,32.677,31.485,32.143,40079,0
LVC,D,20151210,000000,32.622,32.637,32.329,32.459,15761,0
LVC,D,20151211,000000,32.467,32.702,30.835,30.835,6603,0
LVC,D,20151214,000000,30.835,31.239,29.01,29.213,17527,0
LVC,D,20151215,000000,29.213,29.936,27.67,28.408,15039,0
LVC,D,20151216,000000,28.603,29.773,28.603,29.456,14749,0
LVC,D,20151217,000000,30.023,30.997,30.023,30.657,6800,0
LVC,D,20151218,000000,30.633,31.339,29.538,30.023,3977,0
LVC,D,20151221,000000,30.429,30.754,30.365,30.438,28041,0
LVC,D,20151222,000000,30.672,30.835,29.456,30.835,38588,0
LVC,D,20151223,000000,31.161,31.648,30.997,31.648,3265,0
LVC,D,20151228,000000,32.044,32.053,31.088,32.053,5037,0
LVC,D,20151229,000000,31.648,32.377,31.648,31.931,30109,0
LVC,D,20151230,000000,31.654,32.053,30.713,31.648,15441,0
LVC,D,20160104,000000,30.835,31.054,30.023,30.835,32298,0
LVC,D,20160105,000000,30.835,31.801,30.819,31.761,4519,0
LVC,D,20160107,000000,30.819,31.565,30.348,31.565,6267,0
LVC,D,20160108,000000,31.639,31.963,30.843,31.881,6084,0
LVC,D,20160111,000000,32.297,32.459,31.874,32.117,2983,0
LVC,D,20160112,000000,32.117,32.297,31.648,32.053,1955,0
LVC,D,20160113,000000,32.418,32.418,31.006,31.006,4508,0
LVC,D,20160114,000000,31.239,31.808,31.038,31.761,26703,0
LVC,D,20160115,000000,31.761,31.761,31.445,31.604,19761,0
LVC,D,20160118,000000,31.031,31.565,30.916,31.038,27754,0
LVC,D,20160119,000000,31.161,31.648,31.08,31.558,51079,0
LVC,D,20160120,000000,31.518,31.518,29.213,30.228,20205,0
LVC,D,20160121,000000,30.593,30.593,29.309,29.885,4652,0
LVC,D,20160122,000000,30.023,30.754,29.86,30.267,21024,0
LVC,D,20160125,000000,30.593,31.006,30.282,31.006,5129,0
LVC,D,20160126,000000,30.445,31.201,29.708,30.023,3451,0
LVC,D,20160127,000000,29.78,30.713,29.78,30.023,3918,0
LVC,D,20160128,000000,30.023,30.633,29.86,30.267,1626,0
LVC,D,20160129,000000,30.511,31.144,30.511,30.957,3982,0
LVC,D,20160201,000000,31.233,31.549,30.859,31.518,1860,0
LVC,D,20160202,000000,31.08,31.08,30.957,31.08,30133,0
LVC,D,20160203,000000,31.565,31.565,30.472,30.835,2727,0
LVC,D,20160204,000000,30.843,31.153,30.472,31.038,6039,0
LVC,D,20160205,000000,31.038,31.531,30.429,31.038,9684,0
LVC,D,20160208,000000,31.031,31.031,29.86,29.86,2557,0
LVC,D,20160209,000000,29.855,29.855,27.873,27.913,27409,0
LVC,D,20160210,000000,28.392,28.554,27.996,28.321,10616,0
LVC,D,20160211,000000,29.05,29.05,27.711,28.271,2348,0
LVC,D,20160212,000000,29.195,29.195,28.562,28.562,5441,0
LVC,D,20160215,000000,29.203,29.701,28.808,29.278,4753,0
LVC,D,20160216,000000,29.278,30.007,28.4,30.007,44579,0
LVC,D,20160217,000000,29.942,29.942,29.213,29.618,15323,0
LVC,D,20160218,000000,29.756,29.756,29.262,29.262,2362,0
LVC,D,20160219,000000,29.213,29.229,28.581,29.203,4800,0
LVC,D,20160222,000000,29.203,29.855,28.4,28.529,10745,0
LVC,D,20160223,000000,29.529,29.529,28.808,29.091,4406,0
LVC,D,20160224,000000,29.17,29.17,28.117,28.361,7911,0
LVC,D,20160225,000000,29.042,29.042,28.035,28.4,5374,0
LVC,D,20160226,000000,28.321,28.969,28.11,28.562,5142,0
LVC,D,20160229,000000,28.572,29.456,28.572,28.774,24107,0
LVC,D,20160301,000000,29.425,29.425,28.497,28.523,3664,0
LVC,D,20160302,000000,29.278,30.511,28.507,28.507,76059,0
LVC,D,20160303,000000,28.662,29.822,28.662,29.132,27895,0
LVC,D,20160304,000000,29.78,29.78,28.742,28.766,55793,0
LVC,D,20160307,000000,28.945,29.416,28.856,29.01,12140,0
LVC,D,20160308,000000,29.522,29.522,28.874,28.969,93319,0
LVC,D,20160309,000000,29.495,29.512,28.879,28.959,28184,0
LVC,D,20160310,000000,28.886,29.05,28.808,29.01,9802,0
LVC,D,20160311,000000,29.213,29.448,28.669,29.001,6654,0
LVC,D,20160314,000000,29.448,29.448,29.001,29.123,7867,0
LVC,D,20160315,000000,29.132,29.132,28.507,28.637,13338,0
LVC,D,20160316,000000,29.001,29.295,28.483,29.295,6420,0
LVC,D,20160317,000000,29.262,30.429,29.262,30.381,33852,0
LVC,D,20160318,000000,30.521,31.321,30.521,30.835,86774,0
LVC,D,20160321,000000,31.161,31.953,29.132,29.942,29315,0
LVC,D,20160322,000000,29.942,30.023,29.701,29.86,7388,0
LVC,D,20160323,000000,29.868,30.023,29.375,29.383,2668,0
LVC,D,20160324,000000,29.375,30.023,29.132,29.942,7499,0
LVC,D,20160329,000000,30.267,30.429,29.375,29.984,3282,0
LVC,D,20160330,000000,29.942,29.942,29.456,29.701,3057,0
LVC,D,20160331,000000,30.146,30.146,29.398,29.701,24933,0
LVC,D,20160401,000000,29.701,29.701,29.132,29.252,6756,0
LVC,D,20160404,000000,30.146,31.015,30.023,30.429,41376,0
LVC,D,20160405,000000,30.438,31.144,30.023,30.104,8681,0
LVC,D,20160406,000000,30.389,30.835,30.381,30.825,5844,0
LVC,D,20160407,000000,30.957,31.109,30.754,30.825,2426,0
LVC,D,20160408,000000,30.835,31.314,30.835,31.161,12027,0
LVC,D,20160411,000000,31.201,34.258,31.201,32.297,52537,0
LVC,D,20160412,000000,32.459,33.992,32.459,33.992,21632,0
LVC,D,20160413,000000,34.082,34.082,32.937,33.18,30981,0
LVC,D,20160414,000000,33.586,33.586,32.459,32.856,5620,0
LVC,D,20160415,000000,32.856,32.856,32.053,32.742,6329,0
LVC,D,20160418,000000,32.773,32.773,31.752,32.157,4890,0
LVC,D,20160419,000000,31.849,32.773,31.849,32.539,5432,0
LVC,D,20160420,000000,32.702,32.702,32.174,32.459,1501,0
LVC,D,20160421,000000,32.622,32.622,32.174,32.297,1437,0
LVC,D,20160422,000000,32.337,32.945,32.337,32.945,4495,0
LVC,D,20160425,000000,33.091,33.911,32.377,33.635,6775,0
LVC,D,20160426,000000,33.675,34.001,33.537,33.911,22298,0
LVC,D,20160427,000000,33.839,33.919,33.668,33.668,828,0
LVC,D,20160428,000000,33.902,33.902,32.539,33.019,2210,0
LVC,D,20160429,000000,32.864,33.83,32.63,33.83,2117,0
LVC,D,20160502,000000,33.675,33.911,33.269,33.675,1042,0
LVC,D,20160504,000000,33.675,33.893,33.287,33.668,3871,0
LVC,D,20160505,000000,33.287,33.668,32.49,32.49,2675,0
LVC,D,20160506,000000,32.702,32.702,31.907,32.702,7712,0
LVC,D,20160509,000000,32.702,32.702,32.459,32.667,1853,0
LVC,D,20160510,000000,32.677,32.702,32.109,32.297,4651,0
LVC,D,20160511,000000,32.482,32.702,32.377,32.695,1640,0
LVC,D,20160512,000000,32.702,32.702,32.214,32.255,2650,0
LVC,D,20160513,000000,31.768,31.768,30.228,30.511,32226,0
LVC,D,20160516,000000,30.672,31.429,30.672,31.321,6394,0
LVC,D,20160517,000000,31.744,32.702,31.648,32.695,37563,0
LVC,D,20160518,000000,32.622,32.702,32.053,32.622,7461,0
LVC,D,20160519,000000,32.613,32.613,31.89,31.89,1391,0
LVC,D,20160520,000000,31.857,32.589,31.857,32.589,518,0
LVC,D,20160523,000000,32.589,32.589,31.363,32.19,2175,0
LVC,D,20160524,000000,32.214,32.515,32.214,32.459,3099,0
LVC,D,20160525,000000,32.515,32.589,32.214,32.589,2874,0
LVC,D,20160527,000000,32.589,32.945,32.459,32.945,2537,0
LVC,D,20160530,000000,32.864,32.985,32.467,32.773,2772,0
LVC,D,20160531,000000,32.571,33.433,32.571,33.188,12623,0
LVC,D,20160601,000000,33.269,33.627,31.679,32.751,10723,0
LVC,D,20160602,000000,31.768,33.26,31.768,33.26,5765,0
LVC,D,20160603,000000,33.26,35.216,33.26,34.527,24585,0
LVC,D,20160606,000000,35.298,35.298,34.811,35.087,121300,0
LVC,D,20160607,000000,35.257,35.257,34.486,34.965,6053,0
LVC,D,20160608,000000,34.956,34.956,34.505,34.505,661,0
LVC,D,20160609,000000,34.496,34.891,34.146,34.154,1134,0
LVC,D,20160610,000000,34.795,34.811,33.675,34.486,4708,0
LVC,D,20160613,000000,34.315,35.216,33.675,33.683,7438,0
LVC,D,20160614,000000,33.683,34.729,33.675,33.675,1773,0
LVC,D,20160615,000000,33.919,33.984,33.839,33.839,1624,0
LVC,D,20160616,000000,33.675,33.675,32.864,32.864,2825,0
LVC,D,20160617,000000,32.864,33.992,32.864,33.992,2025,0
LVC,D,20160620,000000,33.992,36.054,33.675,36.029,44167,0
LVC,D,20160621,000000,36.06,36.06,35.178,35.697,5921,0
LVC,D,20160622,000000,35.697,36.06,35.298,35.298,3914,0
LVC,D,20160623,000000,35.308,36.06,35.308,35.786,2143,0
LVC,D,20160624,000000,34.082,34.891,32.928,34.001,65823,0
LVC,D,20160627,000000,34.048,34.836,33.188,33.269,11112,0
LVC,D,20160628,000000,33.107,35.257,33.107,34.486,22923,0
LVC,D,20160629,000000,35.947,36.921,35.703,36.841,117793,0
LVC,D,20160630,000000,37.328,38.138,37.328,38.106,19481,0
LVC,D,20160701,000000,38.057,38.706,37.984,38.544,8067,0
LVC,D,20160704,000000,38.146,38.908,37.374,37.732,9462,0
LVC,D,20160705,000000,38.464,38.464,35.112,35.494,43467,0
LVC,D,20160706,000000,35.933,36.75,35.616,35.616,15130,0
LVC,D,20160707,000000,35.616,36.345,35.549,35.616,12442,0
LVC,D,20160708,000000,35.623,36.109,35.566,35.566,5975,0
LVC,D,20160711,000000,35.979,36.515,35.298,36.452,11458,0
LVC,D,20160712,000000,35.881,36.84,35.818,36.677,9781,0
LVC,D,20160713,000000,36.581,36.936,35.72,36.475,9159,0
LVC,D,20160714,000000,36.677,36.799,36.393,36.515,3559,0
LVC,D,20160715,000000,36.597,36.66,36.272,36.443,3520,0
LVC,D,20160718,000000,36.475,36.864,36.393,36.677,11674,0
LVC,D,20160719,000000,36.922,37.082,36.652,36.677,10340,0
LVC,D,20160720,000000,36.922,36.922,36.743,36.922,4999,0
LVC,D,20160721,000000,37.319,37.328,37.042,37.328,10322,0
LVC,D,20160722,000000,37.53,38.291,37.504,37.732,75387,0
LVC,D,20160725,000000,38.146,38.95,38.138,38.577,20869,0
LVC,D,20160726,000000,39.589,39.589,38.735,38.933,16016,0
LVC,D,20160727,000000,39.233,39.267,38.933,39.267,2800,0
LVC,D,20160728,000000,39.349,39.349,38.685,38.941,4152,0
LVC,D,20160729,000000,38.984,39.224,38.768,39.107,5539,0
LVC,D,20160801,000000,39.44,40.561,39.357,39.839,15303,0
LVC,D,20160802,000000,39.839,40.486,38.194,38.858,26025,0
LVC,D,20160803,000000,39.024,40.021,38.617,39.855,7310,0
LVC,D,20160804,000000,39.855,40.104,39.315,39.401,7287,0
LVC,D,20160805,000000,39.44,39.939,39.365,39.765,9768,0
LVC,D,20160808,000000,39.855,40.272,39.401,40.22,7101,0
LVC,D,20160809,000000,40.419,41.176,40.419,41.176,23199,0
LVC,D,20160810,000000,41.426,41.426,40.685,41.226,9104,0
LVC,D,20160811,000000,41.267,41.267,40.718,40.718,2594,0
LVC,D,20160812,000000,40.886,40.895,39.963,40.272,13469,0
LVC,D,20160816,000000,40.851,41.101,40.354,40.437,4325,0
LVC,D,20160817,000000,40.769,40.769,40.188,40.479,5861,0
LVC,D,20160818,000000,40.603,40.769,40.272,40.685,2572,0
LVC,D,20160819,000000,40.934,41.101,40.361,40.603,1876,0
LVC,D,20160822,000000,41.061,41.259,40.518,41.018,3988,0
LVC,D,20160823,000000,41.018,42.754,41,42.754,6883,0
LVC,D,20160824,000000,42.769,43.176,42.346,42.387,6487,0
LVC,D,20160825,000000,42.346,42.678,40.561,41.515,16621,0
LVC,D,20160826,000000,41.508,42.18,41.499,41.757,2649,0
LVC,D,20160829,000000,41.882,41.932,40.828,41.109,5071,0
LVC,D,20160830,000000,41.432,41.474,40.561,40.685,5385,0
LVC,D,20160831,000000,40.685,41.474,39.233,40.62,11762,0
LVC,D,20160901,000000,41.092,41.092,40.294,40.685,3845,0
LVC,D,20160902,000000,40.967,41.515,40.685,41.49,14336,0
LVC,D,20160905,000000,41.508,41.515,41.109,41.466,177431,0
LVC,D,20160906,000000,41.515,41.89,41.208,41.217,18934,0
LVC,D,20160907,000000,41.89,41.89,41.101,41.333,2735,0
LVC,D,20160908,000000,41.267,41.267,39.855,40.23,7071,0
LVC,D,20160909,000000,40.419,40.769,39.897,39.897,4535,0
LVC,D,20160912,000000,39.855,39.939,39.44,39.531,13318,0
LVC,D,20160913,000000,39.524,40.272,39.524,40.272,12259,0
LVC,D,20160914,000000,40.272,40.976,40.272,40.851,8225,0
LVC,D,20160915,000000,41.226,41.226,40.354,40.843,4876,0
LVC,D,20160916,000000,40.843,42.305,40.354,42.305,14977,0
LVC,D,20160919,000000,42.263,42.263,40.895,41.508,2832,0
LVC,D,20160920,000000,41.426,41.426,40.769,40.895,1325,0
LVC,D,20160921,000000,40.895,41.765,40.479,41.474,4723,0
LVC,D,20160922,000000,41.515,41.515,40.561,41.176,5804,0
LVC,D,20160923,000000,41.184,41.184,40.444,40.518,1656,0
LVC,D,20160926,000000,40.512,40.512,39.855,39.861,6736,0
LVC,D,20160927,000000,40.272,40.272,37.705,38.66,16996,0
LVC,D,20160928,000000,38.279,40.253,38.279,39.673,10836,0
LVC,D,20160929,000000,39.673,39.673,39.107,39.596,3899,0
LVC,D,20160930,000000,39.673,41.515,39.107,41.515,10068,0
LVC,D,20161003,000000,41.432,41.515,40.728,41.515,10532,0
LVC,D,20161004,000000,41.515,41.515,39.69,40.104,21176,0
LVC,D,20161005,000000,40.205,40.272,39.233,39.456,2127,0
LVC,D,20161006,000000,39.275,39.44,39.024,39.208,2515,0
LVC,D,20161007,000000,39.107,39.305,38.535,38.535,8977,0
LVC,D,20161010,000000,38.617,39.19,38.617,38.941,1748,0
LVC,D,20161011,000000,39.365,39.365,38.609,38.609,3989,0
LVC,D,20161012,000000,38.609,38.609,36.541,37.654,23528,0
LVC,D,20161013,000000,37.654,38.403,37.654,38.36,4387,0
LVC,D,20161014,000000,37.738,38.403,37.738,38.194,5909,0
LVC,D,20161017,000000,37.38,38.444,37.38,38.444,4533,0
LVC,D,20161018,000000,38.444,39.267,38.112,38.858,3920,0
LVC,D,20161019,000000,38.858,39.765,38.858,39.756,3712,0
LVC,D,20161020,000000,39.797,39.823,39.357,39.357,341,0
LVC,D,20161021,000000,39.365,40.021,39.024,39.979,9799,0
LVC,D,20161024,000000,39.979,40.013,39.481,39.997,5496,0
LVC,D,20161025,000000,40.013,40.272,39.789,39.855,14239,0
LVC,D,20161026,000000,39.773,39.97,39.092,39.939,3897,0
LVC,D,20161027,000000,40.071,40.071,39.116,39.19,30335,0
LVC,D,20161028,000000,39.729,39.855,38.984,39.126,28607,0
LVC,D,20161031,000000,39.431,39.431,37.789,38.933,9254,0
LVC,D,20161102,000000,39.44,39.649,37.789,37.862,7546,0
LVC,D,20161103,000000,37.822,38.941,37.654,38.677,17922,0
LVC,D,20161104,000000,39.606,39.606,38.194,38.202,27741,0
LVC,D,20161107,000000,38.279,38.984,38.202,38.685,1969,0
LVC,D,20161108,000000,38.933,38.933,37.78,38.028,3343,0
LVC,D,20161109,000000,37.38,38.194,36.618,36.948,14198,0
LVC,D,20161110,000000,37.362,38.941,37.362,38.112,20571,0
LVC,D,20161114,000000,38.279,38.908,37.78,38.279,70215,0
LVC,D,20161115,000000,38.444,38.893,38.319,38.851,7777,0
LVC,D,20161116,000000,38.884,38.884,38.194,38.194,12993,0
LVC,D,20161117,000000,38.735,38.735,37.531,37.771,17056,0
LVC,D,20161118,000000,37.789,38.444,37.04,37.04,31328,0
LVC,D,20161121,000000,37.033,38.178,37.033,37.531,33502,0
LVC,D,20161122,000000,38.403,38.609,38.028,38.609,8722,0
LVC,D,20161123,000000,38.817,39.464,38.319,39.464,14063,0
LVC,D,20161124,000000,39.589,40.736,39.524,40.728,36269,0
LVC,D,20161125,000000,40.895,41.765,40.895,41.599,54006,0
LVC,D,20161128,000000,41.932,41.932,41.117,41.515,8114,0
LVC,D,20161129,000000,41.765,42.346,41.018,42.013,51677,0
LVC,D,20161130,000000,42.013,42.346,41.349,41.349,23369,0
LVC,D,20161201,000000,41.84,41.84,41.267,41.432,9867,0
LVC,D,20161202,000000,41.092,41.515,40.23,40.843,21926,0
LVC,D,20161205,000000,40.985,40.985,39.524,40.843,83465,0
LVC,D,20161206,000000,40.959,40.959,40.437,40.851,7179,0
LVC,D,20161207,000000,41.184,41.683,40.769,41.018,5406,0
LVC,D,20161208,000000,41.026,41.508,40.518,41.432,11495,0
LVC,D,20161209,000000,41.499,43.135,41.101,42.387,538407,0
LVC,D,20161212,000000,42.861,42.861,41.515,42.305,9812,0
LVC,D,20161213,000000,42.678,42.678,41.391,42.013,14446,0
LVC,D,20161214,000000,41.963,42.154,40.769,40.976,22363,0
LVC,D,20161215,000000,41.2,42.089,41.192,41.617,38909,0
LVC,D,20161216,000000,41.806,42.146,41.617,41.922,8967,0
LVC,D,20161219,000000,41.922,41.922,40.769,40.851,12770,0
LVC,D,20161220,000000,41.101,41.508,40.851,41.101,10565,0
LVC,D,20161221,000000,40.934,41.092,40.685,40.976,4905,0
LVC,D,20161222,000000,41.074,41.074,40.272,40.603,2873,0
LVC,D,20161223,000000,41.101,41.101,40.347,40.818,1194,0
LVC,D,20161227,000000,40.354,41.426,40.354,41.142,3919,0
LVC,D,20161228,000000,41.15,41.417,40.396,40.561,7951,0
LVC,D,20161229,000000,40.693,41.385,40.525,41.051,5069,0
LVC,D,20161230,000000,41.051,41.466,40.685,41.267,24022,0
LVC,D,20170102,000000,41.092,42.305,41.092,42.097,13944,0
LVC,D,20170103,000000,42.305,42.346,42.097,42.346,14587,0
LVC,D,20170104,000000,42.346,42.346,42.097,42.255,24478,0
LVC,D,20170105,000000,42.305,42.346,41.932,42.174,33611,0
LVC,D,20170109,000000,41.973,42.305,41.082,41.109,19642,0
LVC,D,20170110,000000,42.138,42.138,41.101,41.135,10645,0
LVC,D,20170111,000000,41.674,41.674,39.291,39.814,37311,0
LVC,D,20170112,000000,39.897,40.428,39.19,39.524,46204,0
LVC,D,20170113,000000,39.524,39.861,38.319,38.835,55508,0
LVC,D,20170116,000000,39.024,41.061,39.024,40.518,28727,0
LVC,D,20170117,000000,40.895,41.765,40.685,41.042,23525,0
LVC,D,20170118,000000,41.101,41.267,39.939,40.685,7171,0
LVC,D,20170119,000000,40.685,40.685,39.773,40.205,9820,0
LVC,D,20170120,000000,40.272,43.677,40.272,43.185,1193377,0
LVC,D,20170123,000000,44.091,44.713,42.969,43.126,50486,0
LVC,D,20170124,000000,43.998,43.998,43.26,43.592,49100,0
LVC,D,20170125,000000,44.007,44.172,43.677,43.84,22967,0
LVC,D,20170126,000000,44.172,44.422,43.847,44.255,27048,0
LVC,D,20170127,000000,44.091,44.422,44.091,44.255,12922,0
LVC,D,20170130,000000,44.255,44.255,43.757,44.007,5539,0
LVC,D,20170131,000000,44.049,44.049,42.313,43.592,37433,0
LVC,D,20170201,000000,43.592,43.592,42.762,43.385,10761,0
LVC,D,20170202,000000,42.969,42.969,40.769,41.723,105604,0
LVC,D,20170203,000000,41.932,42.887,41.849,42.546,8545,0
LVC,D,20170206,000000,42.837,43.093,42.595,43.093,11521,0
LVC,D,20170207,000000,43.176,43.525,42.851,43.26,8980,0
LVC,D,20170208,000000,43.26,43.551,43.176,43.551,10352,0
LVC,D,20170209,000000,43.525,44.332,43.185,43.757,13424,0
LVC,D,20170210,000000,43.757,43.757,42.762,43.509,11317,0
LVC,D,20170213,000000,44.837,45.545,43.808,44.166,52294,0
LVC,D,20170214,000000,41.101,42.346,40.603,41.267,165946,0
LVC,D,20170215,000000,41.915,42.346,41.515,41.932,114573,0
LVC,D,20170216,000000,41.932,42.454,41.932,42.154,10238,0
LVC,D,20170217,000000,42.762,42.927,41.932,41.932,27119,0
LVC,D,20170220,000000,42.263,42.263,42.057,42.18,31445,0
LVC,D,20170221,000000,42.18,42.828,42.097,42.803,19626,0
LVC,D,20170222,000000,42.927,43.592,42.762,43.402,17037,0
LVC,D,20170223,000000,43.592,43.592,42.51,42.927,22334,0
LVC,D,20170224,000000,43.135,43.425,41.932,42.472,17226,0
LVC,D,20170227,000000,42.472,43.176,42.472,42.762,24360,0
LVC,D,20170228,000000,42.762,43.002,42.346,42.387,16444,0
LVC,D,20170301,000000,42.678,42.846,42.346,42.346,17774,0
LVC,D,20170302,000000,42.387,43.5,42.387,42.762,23939,0
LVC,D,20170303,000000,42.846,42.927,42.346,42.762,11023,0
LVC,D,20170306,000000,42.762,42.762,40.728,42.296,34734,0
LVC,D,20170307,000000,42.013,42.097,40.776,41.342,48494,0
LVC,D,20170308,000000,41.399,41.806,39.431,40.104,78512,0
LVC,D,20170309,000000,41.184,42.846,41.184,41.973,220822,0
LVC,D,20170310,000000,43.176,46.912,43.054,44.912,167577,0
LVC,D,20170313,000000,45.253,46.083,45.002,46.049,76354,0
LVC,D,20170314,000000,46.083,46.124,45.253,45.668,31486,0
LVC,D,20170315,000000,45.675,45.835,45.253,45.668,119700,0
LVC,D,20170316,000000,45.668,45.668,44.754,45.253,16848,0
LVC,D,20170317,000000,45.253,45.668,44.77,45.244,8163,0
LVC,D,20170320,000000,45.244,45.244,44.172,44.455,10065,0
LVC,D,20170321,000000,44.422,44.745,44.172,44.255,23467,0
LVC,D,20170322,000000,44.172,44.172,43.176,43.668,21098,0
LVC,D,20170323,000000,43.451,44.654,43.451,44.57,15247,0
LVC,D,20170324,000000,44.837,44.837,43.592,44.007,8345,0
LVC,D,20170327,000000,43.998,43.998,43.176,43.385,5375,0
LVC,D,20170328,000000,43.425,44.422,43.176,44.082,12028,0
LVC,D,20170329,000000,44.091,44.091,43.385,43.925,11126,0
LVC,D,20170330,000000,43.677,44.04,43.176,44.04,8989,0
LVC,D,20170331,000000,44.04,44.422,43.509,44.422,10790,0
LVC,D,20170403,000000,44.628,46.788,44.628,46.497,174656,0
LVC,D,20170404,000000,46.582,47.32,46.124,47.32,39317,0
LVC,D,20170405,000000,47.329,47.329,45.924,47.162,15150,0
LVC,D,20170406,000000,47.162,47.162,46.338,47.037,6854,0
LVC,D,20170407,000000,47.162,47.162,46.514,46.912,30179,0
LVC,D,20170410,000000,46.912,47.112,45.917,45.917,10170,0
LVC,D,20170411,000000,45.924,46.166,45.253,45.336,19615,0
LVC,D,20170412,000000,45.501,45.752,45.336,45.336,4641,0
LVC,D,20170413,000000,45.253,45.293,44.595,44.828,11129,0
LVC,D,20170418,000000,44.828,45.204,44.828,44.855,3745,0
LVC,D,20170419,000000,44.855,45.253,44.837,45.253,9530,0
LVC,D,20170420,000000,45.293,45.584,44.754,45.234,19417,0
LVC,D,20170421,000000,45.253,45.634,45.002,45.526,10616,0
LVC,D,20170424,000000,45.634,47.08,45.46,47.08,24063,0
LVC,D,20170425,000000,47.121,47.329,46.166,46.497,14195,0
LVC,D,20170426,000000,46.822,46.822,44.299,45.65,112274,0
LVC,D,20170427,000000,45.668,46.29,45.261,46.29,31906,0
LVC,D,20170428,000000,46.488,46.497,45.668,46.29,11662,0
LVC,D,20170502,000000,46.514,47.162,46.514,46.788,22086,0
LVC,D,20170504,000000,46.748,46.788,45.626,45.668,39439,0
LVC,D,20170505,000000,46.006,46.006,45.002,45.584,7591,0
LVC,D,20170508,000000,45.817,45.817,45.094,45.418,3144,0
LVC,D,20170509,000000,45.336,45.66,43.998,44.339,89058,0
LVC,D,20170510,000000,44.332,44.738,44.255,44.422,16458,0
LVC,D,20170511,000000,44.422,45.161,44.299,44.837,84573,0
LVC,D,20170512,000000,45.161,45.161,44.014,44.837,17423,0
LVC,D,20170515,000000,44.837,45.826,44.438,45.826,13775,0
LVC,D,20170516,000000,45.826,45.826,44.837,44.87,30627,0
LVC,D,20170517,000000,44.87,44.87,44.172,44.172,23222,0
LVC,D,20170518,000000,44.049,44.255,43.218,43.8,12831,0
LVC,D,20170519,000000,43.982,44.605,43.592,43.925,9018,0
LVC,D,20170522,000000,44.014,45.161,44.014,45.054,62032,0
LVC,D,20170523,000000,45.3,45.668,44.422,45.17,13336,0
LVC,D,20170524,000000,45.078,45.336,44.505,45.336,82512,0
LVC,D,20170525,000000,45.501,45.917,45.234,45.668,19138,0
LVC,D,20170526,000000,45.468,45.493,45.127,45.418,25142,0
LVC,D,20170529,000000,45.185,46.066,45.185,46.066,10033,0
LVC,D,20170530,000000,46.075,46.075,45.3,46.056,52454,0
LVC,D,20170531,000000,45.293,46.056,45.253,46.056,11616,0
LVC,D,20170601,000000,46.016,46.016,45.567,46,4743,0
LVC,D,20170602,000000,46.075,46.997,45.835,46.043,11548,0
LVC,D,20170605,000000,46.043,46.043,44.555,45.336,10947,0
LVC,D,20170606,000000,45.892,45.892,44.654,44.713,5770,0
LVC,D,20170607,000000,45.478,45.478,43.633,44.239,21026,0
LVC,D,20170608,000000,44.962,45.501,44.837,45.501,219723,0
LVC,D,20170609,000000,45.501,47.162,45.176,47.162,167928,0
LVC,D,20170612,000000,47.245,47.245,45.941,46.083,15848,0
LVC,D,20170613,000000,46.083,47.037,45.932,47.037,144483,0
LVC,D,20170614,000000,47.154,48.118,47.154,48.118,42402,0
LVC,D,20170616,000000,48.118,48.407,47.743,48.407,26013,0
LVC,D,20170619,000000,48.574,48.574,47.245,47.495,22789,0
LVC,D,20170620,000000,47.619,47.743,46.831,47.271,6189,0
LVC,D,20170621,000000,47.271,47.37,46.29,47.37,33308,0
LVC,D,20170622,000000,47.32,47.734,46.997,47.662,6822,0
LVC,D,20170623,000000,47.703,47.703,46.333,47.412,12994,0
LVC,D,20170626,000000,47.717,48.326,46.912,47.245,16643,0
LVC,D,20170627,000000,47.329,48.905,47.329,48.326,48266,0
LVC,D,20170628,000000,48.299,48.299,47.329,47.329,6979,0
LVC,D,20170629,000000,47.784,47.784,46.997,47.578,44323,0
LVC,D,20170630,000000,47.461,48.989,47.245,48.989,28797,0
LVC,D,20170703,000000,48.989,48.989,47.743,48.574,21639,0
LVC,D,20170704,000000,48.533,48.989,47.743,48.076,52884,0
LVC,D,20170705,000000,48.49,48.825,46.414,47.412,29489,0
LVC,D,20170706,000000,47.412,47.993,47.412,47.909,16906,0
LVC,D,20170707,000000,47.985,48.141,47.743,48.067,3684,0
LVC,D,20170710,000000,48.565,48.574,48.034,48.49,9930,0
LVC,D,20170711,000000,48.574,48.574,48.043,48.555,7013,0
LVC,D,20170712,000000,48.741,48.741,47.993,48.159,4837,0
LVC,D,20170713,000000,48.615,48.756,48.008,48.149,13404,0
LVC,D,20170714,000000,48.316,48.408,47.966,48.16,5445,0
LVC,D,20170717,000000,48.16,48.325,47.991,48.28,9129,0
LVC,D,20170718,000000,48.307,48.307,46.414,47.617,268514,0
LVC,D,20170719,000000,47.633,47.633,46.662,47.114,79749,0
LVC,D,20170720,000000,47.617,47.617,45.989,46.083,62401,0
LVC,D,20170721,000000,46.859,47.114,46.644,46.688,32862,0
LVC,D,20170724,000000,47.114,47.114,46.73,46.748,10756,0
LVC,D,20170725,000000,46.815,46.833,46.432,46.602,21346,0
LVC,D,20170726,000000,46.773,46.859,46.602,46.773,41516,0
LVC,D,20170727,000000,46.815,46.986,46.346,46.423,17931,0
LVC,D,20170728,000000,46.669,46.669,46.219,46.279,9446,0
LVC,D,20170731,000000,46.688,46.688,45.411,46.005,25134,0
LVC,D,20170801,000000,46.176,46.517,45.673,45.673,8704,0
LVC,D,20170802,000000,45.137,45.137,42.598,43.612,328882,0
LVC,D,20170803,000000,43.45,44.182,42.598,43.875,156188,0
LVC,D,20170804,000000,43.885,44.804,43.875,44.149,26327,0
LVC,D,20170807,000000,44.643,44.643,44.047,44.294,13981,0
LVC,D,20170808,000000,44.303,44.303,43.791,44.251,11555,0
LVC,D,20170809,000000,44.218,44.251,43.791,43.825,8256,0
LVC,D,20170810,000000,44.029,44.029,43.024,43.791,13480,0
LVC,D,20170811,000000,43.545,43.704,43.111,43.281,8709,0
LVC,D,20170814,000000,43.194,44.643,43.111,44.557,16061,0
LVC,D,20170816,000000,44.694,45.58,44.694,45.58,54156,0
LVC,D,20170817,000000,45.792,46.372,44.514,44.66,56594,0
LVC,D,20170818,000000,44.473,46.688,44.473,45.607,27260,0
LVC,D,20170821,000000,46.314,47.623,46.261,46.644,26213,0
LVC,D,20170822,000000,46.859,47.25,46.432,46.432,19541,0
LVC,D,20170823,000000,46.773,46.773,45.238,45.58,17380,0
LVC,D,20170824,000000,45.588,46.859,45.588,46.432,15312,0
LVC,D,20170825,000000,45.145,45.598,43.96,45.153,73521,0
LVC,D,20170828,000000,45.153,45.153,44.063,44.303,16143,0
LVC,D,20170829,000000,44.13,44.13,41.61,42.59,138996,0
LVC,D,20170830,000000,42.511,43.014,41.661,41.703,47265,0
LVC,D,20170831,000000,41.404,43.356,41.319,43.356,55356,0
LVC,D,20170901,000000,43.765,44.02,43.537,43.782,65463,0
LVC,D,20170904,000000,43.841,43.841,42.215,42.838,49979,0
LVC,D,20170905,000000,43.272,43.272,42.598,42.768,21205,0
LVC,D,20170906,000000,42.768,42.768,41.874,42.257,26158,0
LVC,D,20170907,000000,42.344,43.16,41.883,43.16,62081,0
LVC,D,20170908,000000,43.151,43.151,42.511,42.847,5805,0
LVC,D,20170911,000000,43.365,43.365,42.511,42.938,13901,0
LVC,D,20170912,000000,42.811,43.092,42.708,43.092,30950,0
LVC,D,20170913,000000,40.042,41.319,38.978,40.416,254969,0
LVC,D,20170914,000000,40.896,42.087,40.512,40.98,152290,0
LVC,D,20170915,000000,41.362,41.362,40.896,41.108,39956,0
LVC,D,20170918,000000,41.319,41.319,40.896,41.066,82244,0
LVC,D,20170919,000000,41.312,41.319,41.066,41.319,8164,0
LVC,D,20170920,000000,41.319,41.319,40.896,41.022,5270,0
LVC,D,20170921,000000,40.98,41.319,40.151,41.319,70822,0
LVC,D,20170922,000000,41.108,41.312,41.066,41.286,10564,0
LVC,D,20170925,000000,41.711,41.711,40.97,41.319,4051,0
LVC,D,20170926,000000,40.896,41.022,40.512,40.896,4140,0
LVC,D,20170927,000000,40.851,40.896,39.626,40.382,9703,0
LVC,D,20170928,000000,40.512,40.623,40.061,40.288,16541,0
LVC,D,20170929,000000,40.136,41.039,40.136,40.554,45956,0
LVC,D,20171002,000000,41.404,41.56,39.742,39.871,27868,0
LVC,D,20171003,000000,39.83,40.007,38.978,39.19,36900,0
LVC,D,20171004,000000,39.361,39.361,37.844,37.912,54259,0
LVC,D,20171005,000000,37.869,39.608,37.869,39.608,16639,0
LVC,D,20171006,000000,39.855,40.296,38.893,40.042,53395,0
LVC,D,20171009,000000,40.042,40.042,39.181,39.616,12086,0
LVC,D,20171010,000000,39.711,39.762,39.277,39.567,8579,0
LVC,D,20171011,000000,39.616,39.616,39.277,39.59,9136,0
LVC,D,20171012,000000,39.514,39.616,38.978,39.19,24878,0
LVC,D,20171013,000000,39.19,39.208,38.893,38.978,20757,0
LVC,D,20171016,000000,39.523,39.523,38.85,38.917,19417,0
LVC,D,20171017,000000,39.335,39.335,38.85,38.85,10833,0
LVC,D,20171018,000000,38.85,38.85,38.339,38.339,10698,0
LVC,D,20171019,000000,38.356,38.688,38.339,38.339,5183,0
LVC,D,20171020,000000,38.339,39.642,37.869,39.642,66935,0
LVC,D,20171023,000000,39.616,39.616,38.765,39.063,19988,0
LVC,D,20171024,000000,39.19,39.19,38.082,38.288,22307,0
LVC,D,20171025,000000,37.955,38.85,37.836,37.869,15039,0
LVC,D,20171026,000000,38.329,39.616,38.253,39.19,70251,0
LVC,D,20171027,000000,39.701,40.382,39.19,40.296,40550,0
LVC,D,20171030,000000,40.296,40.869,40.068,40.809,14303,0
LVC,D,20171031,000000,40.851,41.108,40.469,41.108,49169,0
LVC,D,20171102,000000,39.19,39.965,37.912,38.432,118035,0
LVC,D,20171103,000000,39.012,39.012,38.253,38.329,13224,0
LVC,D,20171106,000000,38.295,38.329,35.101,36.123,179445,0
LVC,D,20171107,000000,36.515,36.515,35.187,35.202,34521,0
LVC,D,20171108,000000,34.487,34.974,27.944,28.115,986674,0
LVC,D,20171109,000000,29.044,30.117,26.18,29.692,167538,0
LVC,D,20171110,000000,30.167,31.325,29.715,31.089,120051,0
LVC,D,20171113,000000,31.411,31.411,28.293,29.783,58375,0
LVC,D,20171114,000000,28.966,28.976,28.54,28.966,44195,0
LVC,D,20171115,000000,29.35,31.182,28.753,31.096,109183,0
LVC,D,20171116,000000,31.438,32.7,31.165,32.348,151156,0
LVC,D,20171117,000000,32.69,33.652,32.69,33.509,61910,0
LVC,D,20171120,000000,34.072,34.377,33.244,34.162,111589,0
LVC,D,20171121,000000,34.162,34.487,33.873,34.079,78221,0
LVC,D,20171122,000000,34.845,34.845,33.226,34.507,27708,0
LVC,D,20171123,000000,34.753,34.753,33.78,34.079,4688,0
LVC,D,20171124,000000,34.079,34.079,33.396,33.559,40544,0
LVC,D,20171127,000000,33.687,33.994,31.889,33.814,53850,0
LVC,D,20171128,000000,33.737,33.789,33.047,33.592,9294,0
LVC,D,20171129,000000,33.533,35.8,33.226,34.675,40147,0
LVC,D,20171130,000000,35.356,36.234,34.079,34.079,89069,0
LVC,D,20171201,000000,34.282,34.716,33.67,34.249,10981,0
LVC,D,20171204,000000,35.356,35.783,34.93,35.27,101280,0
LVC,D,20171205,000000,35.27,35.356,34.759,34.999,25826,0
LVC,D,20171206,000000,35.075,35.075,33.313,33.644,11273,0
LVC,D,20171207,000000,33.652,33.652,33.226,33.287,8173,0
LVC,D,20171208,000000,33.234,34.072,32.783,33.908,11598,0
LVC,D,20171211,000000,33.254,33.67,33.254,33.6,7476,0
LVC,D,20171212,000000,33.396,33.636,33.117,33.254,17407,0
LVC,D,20171213,000000,33.254,34.079,33.254,33.617,5180,0
LVC,D,20171214,000000,33.661,33.661,32.357,32.962,37518,0
LVC,D,20171215,000000,32.289,32.825,32.042,32.783,11141,0
LVC,D,20171218,000000,32.741,33.652,31.948,33.609,30254,0
LVC,D,20171219,000000,33.569,33.569,32.723,33.551,49269,0
LVC,D,20171220,000000,33.569,33.677,33.208,33.313,19181,0
LVC,D,20171221,000000,33.303,33.609,33.226,33.609,37373,0
LVC,D,20171222,000000,33.644,33.644,33.226,33.592,16055,0
LVC,D,20171227,000000,33.592,33.592,33.226,33.226,23211,0
LVC,D,20171228,000000,33.559,33.994,33.226,33.481,17218,0
LVC,D,20171229,000000,33.985,33.994,33.617,33.994,20670,0
LVC,D,20180103,000000,35.015,37.147,34.548,36.294,25387,0
LVC,D,20180104,000000,36.421,36.421,35.613,35.783,29813,0
LVC,D,20180105,000000,35.867,36.377,35.783,35.953,16811,0
LVC,D,20180108,000000,36.377,36.804,35.613,35.783,20349,0
LVC,D,20180109,000000,36.084,36.084,35.567,35.653,8682,0
LVC,D,20180110,000000,35.48,35.783,34.835,34.922,8526,0
LVC,D,20180111,000000,34.878,34.922,34.06,34.446,10822,0
LVC,D,20180112,000000,34.793,34.835,34.06,34.103,5245,0
LVC,D,20180115,000000,34.446,36.557,34.404,36.514,55374,0
LVC,D,20180116,000000,37.374,37.374,36.084,36.601,73390,0
LVC,D,20180117,000000,37.032,37.892,36.774,36.944,61227,0
LVC,D,20180118,000000,37.462,37.892,37.203,37.719,47964,0
LVC,D,20180119,000000,37.892,39.097,37.805,38.926,50899,0
LVC,D,20180122,000000,39.529,40.95,39.442,40.518,76871,0
LVC,D,20180123,000000,40.863,41.897,38.926,40.477,87852,0
LVC,D,20180124,000000,40.477,40.477,37.85,38.409,73187,0
LVC,D,20180125,000000,37.892,37.892,36.861,37.203,76000,0
LVC,D,20180126,000000,36.861,37.203,36.472,36.687,39163,0
LVC,D,20180129,000000,37.462,37.462,37.075,37.331,7964,0
LVC,D,20180130,000000,37.763,37.763,36.601,36.861,9424,0
LVC,D,20180131,000000,37.032,37.504,37.032,37.032,12032,0
LVC,D,20180201,000000,37.161,37.504,36.429,36.601,20005,0
LVC,D,20180202,000000,36.903,37.032,36.601,36.73,18968,0
LVC,D,20180205,000000,36.383,36.601,35.74,36.254,30165,0
LVC,D,20180206,000000,33.673,35.179,33.456,34.232,73889,0
LVC,D,20180207,000000,34.446,35.955,34.446,35.223,21564,0
LVC,D,20180208,000000,35.74,36.084,34.621,34.835,6760,0
LVC,D,20180209,000000,34.446,34.446,33.758,33.93,28267,0
LVC,D,20180212,000000,34.363,35.567,34.363,34.878,8605,0
LVC,D,20180213,000000,35.223,35.611,34.878,35.394,6573,0
LVC,D,20180214,000000,35.653,36.814,35.653,36.299,12306,0
LVC,D,20180215,000000,36.643,37.032,36.17,36.643,11609,0
LVC,D,20180216,000000,36.299,36.944,36.299,36.383,14895,0
LVC,D,20180219,000000,36.041,36.472,35.352,36.126,8959,0
LVC,D,20180220,000000,36.342,36.342,35.567,36.126,2943,0
LVC,D,20180221,000000,36.514,36.514,35.74,36.514,7274,0
LVC,D,20180222,000000,36.17,36.514,35.783,36.126,25909,0
LVC,D,20180223,000000,35.74,35.74,34.662,35.136,21396,0
LVC,D,20180226,000000,35.611,35.611,34.878,35.266,3603,0
LVC,D,20180227,000000,35.438,35.868,34.363,34.363,18140,0
LVC,D,20180228,000000,34.318,34.318,32.983,33.716,24199,0
LVC,D,20180301,000000,33.716,34.404,33.716,34.016,13418,0
LVC,D,20180302,000000,33.586,34.621,32.725,33.156,24631,0
LVC,D,20180305,000000,32.725,33.372,32.725,32.94,5647,0
LVC,D,20180306,000000,33.327,33.327,32.983,33.156,9060,0
LVC,D,20180307,000000,33.199,33.199,31.865,32.338,16680,0
LVC,D,20180308,000000,32.338,33.069,32.338,32.811,5952,0
LVC,D,20180309,000000,32.897,33.069,32.553,33.027,21055,0
LVC,D,20180312,000000,33.156,33.156,32.553,32.811,3896,0
LVC,D,20180313,000000,33.069,33.069,32.768,32.855,2189,0
LVC,D,20180314,000000,32.855,32.897,32.596,32.768,5212,0
LVC,D,20180315,000000,32.855,32.855,32.553,32.725,5906,0
LVC,D,20180316,000000,32.983,33.974,32.467,33.974,22027,0
LVC,D,20180319,000000,34.016,34.793,33.242,33.242,21198,0
LVC,D,20180320,000000,33.327,33.974,33.156,33.586,11820,0
LVC,D,20180321,000000,33.586,33.845,33.372,33.673,2695,0
LVC,D,20180322,000000,33.586,33.586,32.725,33.113,4733,0
LVC,D,20180323,000000,32.725,33.5,32.725,33.242,39308,0
LVC,D,20180326,000000,33.242,33.242,32.725,32.811,1719,0
LVC,D,20180327,000000,32.725,33.5,32.725,32.897,8197,0
LVC,D,20180328,000000,32.725,32.725,32.338,32.51,12481,0
LVC,D,20180329,000000,32.122,32.295,31.003,31.865,49981,0
LVC,D,20180403,000000,30.917,31.261,30.442,30.829,23194,0
LVC,D,20180404,000000,30.744,31.82,30.658,31.562,14188,0
LVC,D,20180405,000000,31.562,32.639,31.045,32.295,24152,0
LVC,D,20180406,000000,32.295,33.027,32.295,32.811,76955,0
LVC,D,20180409,000000,33.069,33.069,32.811,32.983,12553,0
LVC,D,20180410,000000,33.156,34.146,33.156,34.016,7250,0
LVC,D,20180411,000000,34.016,34.016,33.027,33.93,17629,0
LVC,D,20180412,000000,33.93,34.016,33.586,33.93,18322,0
LVC,D,20180413,000000,33.758,33.845,33.327,33.802,10937,0
LVC,D,20180416,000000,33.758,34.363,33.069,34.363,8412,0
LVC,D,20180417,000000,34.318,34.621,33.673,34.576,42757,0
LVC,D,20180418,000000,34.318,34.576,34.318,34.576,125174,0
LVC,D,20180419,000000,34.534,35.567,34.446,35.567,39547,0
LVC,D,20180420,000000,36.17,36.429,34.621,35.567,125665,0
LVC,D,20180423,000000,35.567,35.697,35.48,35.567,3523,0
LVC,D,20180424,000000,35.525,35.74,35.48,35.74,8070,0
LVC,D,20180425,000000,36.17,36.514,35.74,36.214,36525,0
LVC,D,20180426,000000,36.214,36.429,35.825,35.825,17383,0
LVC,D,20180427,000000,36.17,36.774,35.912,36.601,162862,0
LVC,D,20180430,000000,36.601,38.323,36.17,38.323,28674,0
LVC,D,20180502,000000,38.193,38.193,34.878,35.309,25356,0
LVC,D,20180504,000000,35.223,35.223,33.716,33.716,77183,0
LVC,D,20180507,000000,34.06,34.446,33.327,33.586,24620,0
LVC,D,20180508,000000,33.716,34.318,32.424,33.199,31267,0
LVC,D,20180509,000000,33.372,34.446,32.381,32.725,21552,0
LVC,D,20180510,000000,32.681,33.414,32.381,32.725,25884,0
LVC,D,20180511,000000,33.372,33.372,32.811,33.069,20923,0
LVC,D,20180514,000000,33.156,33.586,32.553,32.725,37406,0
LVC,D,20180515,000000,32.725,33.069,32.295,33.069,33869,0
LVC,D,20180516,000000,33.327,34.75,33.327,34.491,16637,0
LVC,D,20180517,000000,34.491,34.793,33.673,34.276,12018,0
LVC,D,20180518,000000,34.446,34.446,33.5,34.318,10656,0
LVC,D,20180521,000000,33.802,34.363,33.758,34.06,68342,0
LVC,D,20180522,000000,34.06,35.05,34.06,34.534,16715,0
LVC,D,20180523,000000,34.793,34.878,34.016,34.06,11458,0
LVC,D,20180524,000000,34.363,34.363,34.016,34.016,12472,0
LVC,D,20180525,000000,34.103,34.446,34.103,34.363,24450,0
LVC,D,20180528,000000,34.446,34.491,34.363,34.491,4279,0
LVC,D,20180529,000000,34.576,35.006,34.103,34.446,6880,0
LVC,D,20180530,000000,34.446,34.446,33.63,34.363,9910,0
LVC,D,20180601,000000,33.327,33.372,31.95,32.553,19098,0
LVC,D,20180604,000000,32.51,32.51,31.045,31.174,19644,0
LVC,D,20180605,000000,31.174,32.079,31.045,31.39,9672,0
LVC,D,20180606,000000,31.477,32.036,31.261,31.95,23074,0
LVC,D,20180607,000000,32.036,32.036,31.82,31.865,23823,0
LVC,D,20180608,000000,31.692,32.036,31.692,31.95,3389,0
LVC,D,20180611,000000,31.865,32.036,31.603,31.692,16626,0
LVC,D,20180612,000000,31.518,31.734,31.174,31.603,4562,0
LVC,D,20180613,000000,31.692,31.692,30.486,30.658,31181,0
LVC,D,20180614,000000,30.571,30.571,28.936,29.366,42163,0
LVC,D,20180615,000000,29.366,30.141,29.28,30.141,29313,0
LVC,D,20180618,000000,30.141,31.09,28.676,28.676,16627,0
LVC,D,20180619,000000,28.419,29.712,26.869,28.676,101196,0
LVC,D,20180620,000000,28.676,30.744,28.676,30.141,168790,0
LVC,D,20180621,000000,30.744,30.829,28.85,29.28,27249,0
LVC,D,20180622,000000,29.668,29.668,28.331,28.763,57459,0
LVC,D,20180625,000000,28.419,28.936,28.074,28.419,57455,0
LVC,D,20180626,000000,28.419,28.763,27.945,28.721,77164,0
LVC,D,20180627,000000,28.763,29.022,27.772,28.85,106084,0
LVC,D,20180628,000000,28.85,28.85,28.246,28.549,13170,0
LVC,D,20180629,000000,28.419,28.419,28.117,28.162,26700,0
LVC,D,20180702,000000,28.807,29.712,28.331,28.85,22223,0
LVC,D,20180703,000000,28.936,29.236,27.903,28.203,62341,0
LVC,D,20180704,000000,28.117,28.117,26.482,27.817,126843,0
LVC,D,20180705,000000,27.73,28.419,26.954,26.999,18936,0
LVC,D,20180706,000000,27.128,27.386,25.017,27.386,182878,0
LVC,D,20180709,000000,26.783,27.342,26.568,26.869,29823,0
LVC,D,20180710,000000,26.696,27.903,26.095,27.903,90598,0
LVC,D,20180711,000000,27.042,27.903,26.954,27.558,35217,0
LVC,D,20180712,000000,27.558,27.903,27.3,27.903,25436,0
LVC,D,20180713,000000,28.252,29.256,27.903,29.037,43634,0
LVC,D,20180716,000000,29.037,29.694,28.165,29.213,24152,0
LVC,D,20180717,000000,29.213,29.954,28.819,29.954,41806,0
LVC,D,20180718,000000,30.042,30.087,29.563,30.087,18238,0
LVC,D,20180719,000000,30.087,31.003,30.087,30.916,54156,0
LVC,D,20180720,000000,31.003,31.003,30.261,30.826,44425,0
LVC,D,20180723,000000,31.003,31.003,30.261,30.916,38371,0
LVC,D,20180724,000000,30.304,30.785,30.304,30.74,29208,0
LVC,D,20180725,000000,30.785,30.785,30.391,30.391,16720,0
LVC,D,20180726,000000,30.523,30.523,30.261,30.479,17337,0
LVC,D,20180727,000000,30.565,30.565,29.037,29.954,20584,0
LVC,D,20180730,000000,29.866,29.866,29.343,29.78,6589,0
LVC,D,20180731,000000,30.042,30.042,27.465,27.946,127159,0
LVC,D,20180801,000000,28.033,28.207,27.334,27.946,46321,0
LVC,D,20180802,000000,27.946,28.427,27.903,27.946,33940,0
LVC,D,20180803,000000,28.033,28.033,27.771,27.946,3310,0
LVC,D,20180806,000000,28.384,28.384,26.547,26.898,41984,0
LVC,D,20180807,000000,26.898,26.898,24.977,25.85,121143,0
LVC,D,20180808,000000,25.85,26.199,25.677,26.199,29124,0
LVC,D,20180809,000000,26.375,26.461,25.327,26.199,73631,0
LVC,D,20180810,000000,26.199,26.375,25.458,26.156,17693,0
LVC,D,20180813,000000,26.47,26.47,25.255,25.975,15943,0
LVC,D,20180814,000000,25.839,26.11,25.3,25.839,23127,0
LVC,D,20180816,000000,25.57,26.83,25.526,26.83,77468,0
LVC,D,20180817,000000,26.787,27.461,26.787,27.011,53222,0
LVC,D,20180820,000000,27.011,27.011,26.066,26.606,11085,0
LVC,D,20180821,000000,26.922,27.011,25.75,26.922,191472,0
LVC,D,20180822,000000,26.426,26.922,26.382,26.606,93760,0
LVC,D,20180823,000000,26.606,26.922,26.56,26.922,6946,0
LVC,D,20180824,000000,26.965,27.011,26.787,27.011,24432,0
LVC,D,20180827,000000,27.867,28.858,27.371,27.371,134595,0
LVC,D,20180828,000000,27.552,28.632,27.552,28.362,24839,0
LVC,D,20180829,000000,28.858,29.712,27.505,27.597,64209,0
LVC,D,20180830,000000,27.687,28.812,27.687,28.497,8530,0
LVC,D,20180831,000000,28.588,29.712,27.91,29.712,289780,0
LVC,D,20180903,000000,28.318,28.318,26.56,27.236,14404,0
LVC,D,20180904,000000,26.965,26.965,25.839,26.11,36239,0
LVC,D,20180905,000000,26.021,26.021,23.591,23.591,30519,0
LVC,D,20180906,000000,23.32,24.355,21.698,22.688,95306,0
LVC,D,20180907,000000,22.688,23.5,22.33,22.33,156365,0
LVC,D,20180910,000000,22.51,23.229,22.014,23.229,10881,0
LVC,D,20180911,000000,22.599,23.815,22.148,22.148,12770,0
LVC,D,20180912,000000,22.148,22.465,21.969,22.104,48223,0
LVC,D,20180913,000000,22.465,22.825,21.789,22.059,10019,0
LVC,D,20180914,000000,22.51,22.51,21.159,21.429,23853,0
LVC,D,20180917,000000,21.159,22.239,20.395,21.429,275665,0
LVC,D,20180918,000000,22.239,22.51,21.61,22.059,4839,0
LVC,D,20180919,000000,22.059,22.059,21.339,21.653,12856,0
LVC,D,20180920,000000,22.059,22.735,22.059,22.51,10371,0
LVC,D,20180921,000000,22.554,22.688,22.283,22.33,16645,0
LVC,D,20180924,000000,22.33,22.554,22.148,22.239,17768,0
LVC,D,20180925,000000,22.51,22.51,22.059,22.283,3326,0
LVC,D,20180926,000000,22.148,22.33,21.925,21.925,3917,0
LVC,D,20180927,000000,21.969,21.969,21.61,21.834,24604,0
LVC,D,20180928,000000,21.925,22.014,20.529,21.564,33394,0
LVC,D,20181001,000000,22.059,22.059,21.339,21.339,13577,0
LVC,D,20181002,000000,21.384,21.429,20.889,21.339,37773,0
LVC,D,20181003,000000,21.429,22.688,21.249,22.688,20061,0
LVC,D,20181004,000000,22.78,23.903,22.059,23.409,29204,0
LVC,D,20181005,000000,23.409,23.726,22.33,23.409,12587,0
LVC,D,20181008,000000,22.644,23.591,22.644,22.78,31745,0
LVC,D,20181009,000000,22.51,23.274,22.239,22.239,30112,0
LVC,D,20181010,000000,22.87,22.87,21.429,21.834,25736,0
LVC,D,20181011,000000,21.159,21.744,20.707,20.707,18480,0
LVC,D,20181012,000000,20.978,21.61,20.799,21.61,29385,0
LVC,D,20181015,000000,21.744,21.744,20.799,20.935,8526,0
LVC,D,20181016,000000,20.935,21.159,20.665,20.889,25033,0
LVC,D,20181017,000000,20.889,21.295,20.799,20.799,11792,0
LVC,D,20181018,000000,20.799,20.935,20.619,20.665,96583,0
LVC,D,20181019,000000,20.665,20.978,20.482,20.482,79327,0
LVC,D,20181022,000000,20.665,20.665,19.357,19.808,54357,0
LVC,D,20181023,000000,19.808,19.808,18.908,19.448,24754,0
LVC,D,20181024,000000,19.314,20.213,19.314,19.899,47719,0
LVC,D,20181025,000000,19.179,19.988,18.908,19.808,145095,0
LVC,D,20181026,000000,19.943,20.707,19.808,19.899,65025,0
LVC,D,20181029,000000,19.899,20.395,19.808,20.395,23683,0
LVC,D,20181030,000000,20.348,21.61,20.032,21.61,32219,0
LVC,D,20181031,000000,21.61,23.139,21.61,23.139,39500,0
LVC,D,20181102,000000,22.688,24.4,22.688,23.903,35745,0
LVC,D,20181105,000000,24.131,24.896,24.131,24.4,201333,0
LVC,D,20181106,000000,24.58,24.849,24.309,24.491,9829,0
LVC,D,20181107,000000,24.625,24.76,24.309,24.76,21901,0
LVC,D,20181108,000000,24.76,25.121,24.76,25.075,110889,0
LVC,D,20181109,000000,25.031,26.066,24.849,25.931,54164,0
LVC,D,20181113,000000,26.021,26.426,26.021,26.382,6239,0
LVC,D,20181114,000000,26.47,26.742,26.11,26.56,22571,0
LVC,D,20181115,000000,26.56,26.83,26.56,26.742,8926,0
LVC,D,20181116,000000,26.922,26.922,25.662,26.11,88084,0
LVC,D,20181119,000000,25.662,25.662,23.769,23.769,466192,0
LVC,D,20181120,000000,23.95,24.671,23.95,24.671,6661,0
LVC,D,20181121,000000,24.76,24.896,24.491,24.491,5186,0
LVC,D,20181122,000000,24.491,24.671,24.4,24.4,2867,0
LVC,D,20181123,000000,24.04,24.671,23.005,24.671,20341,0
LVC,D,20181126,000000,25.031,25.031,24.309,24.94,6353,0
LVC,D,20181127,000000,24.309,25.166,23.903,24.94,15668,0
LVC,D,20181128,000000,24.671,24.849,23.903,23.903,122342,0
LVC,D,20181129,000000,24.22,24.309,23.903,24.22,10073,0
LVC,D,20181130,000000,23.861,24.131,23.861,24.131,34238,0
LVC,D,20181203,000000,24.131,25.3,24.131,24.76,16935,0
LVC,D,20181204,000000,25.21,25.3,24.671,24.76,123011,0
LVC,D,20181205,000000,24.896,25.3,24.536,24.76,51602,0
LVC,D,20181206,000000,24.76,24.76,24.131,24.22,4121,0
LVC,D,20181207,000000,24.131,24.309,23.95,24.131,22033,0
LVC,D,20181210,000000,24.22,24.265,23.591,23.769,6165,0
LVC,D,20181211,000000,23.769,23.769,23.364,23.364,4880,0
LVC,D,20181212,000000,23.32,24.04,23.229,23.32,10088,0
LVC,D,20181213,000000,23.591,23.591,23.229,23.5,2961,0
LVC,D,20181214,000000,23.5,23.545,23.094,23.409,2011,0
LVC,D,20181217,000000,23.094,23.274,22.148,22.418,11975,0
LVC,D,20181218,000000,22.33,22.418,21.518,21.564,15693,0
LVC,D,20181219,000000,21.518,21.969,21.339,21.518,34273,0
LVC,D,20181220,000000,21.518,22.418,21.518,22.059,25968,0
LVC,D,20181221,000000,22.735,22.735,21.475,21.879,38906,0
LVC,D,20181227,000000,22.33,22.87,21.879,22.825,20570,0
LVC,D,20181228,000000,22.916,23.653,22.916,23.331,27332,0
LVC,D,20190102,000000,23.101,23.101,22.088,22.825,52799,0
LVC,D,20190103,000000,22.916,22.916,21.399,21.581,29258,0
LVC,D,20190104,000000,21.581,21.951,21.399,21.536,10051,0
LVC,D,20190107,000000,21.628,21.675,21.49,21.628,11918,0
LVC,D,20190108,000000,21.581,22.273,21.536,22.088,12543,0
LVC,D,20190109,000000,22.134,22.319,22.088,22.088,10864,0
LVC,D,20190110,000000,22.273,22.273,22.088,22.088,3279,0
LVC,D,20190111,000000,22.088,22.733,22.088,22.364,9807,0
LVC,D,20190114,000000,22.686,23.744,22.64,23.699,29713,0
LVC,D,20190115,000000,23.929,24.39,22.962,23.192,25475,0
LVC,D,20190116,000000,23.79,24.39,23.561,24.39,79824,0
LVC,D,20190117,000000,24.572,24.848,24.296,24.481,13031,0
LVC,D,20190118,000000,24.757,24.757,23.929,24.39,8268,0
LVC,D,20190121,000000,24.481,24.481,23.699,24.113,19133,0
LVC,D,20190122,000000,24.113,24.113,23.653,24.02,10457,0
LVC,D,20190123,000000,24.113,24.572,23.744,24.528,25589,0
LVC,D,20190124,000000,24.572,24.572,24.205,24.296,33827,0
LVC,D,20190125,000000,24.252,24.666,24.252,24.666,69217,0
LVC,D,20190128,000000,24.804,24.848,24.572,24.711,8739,0
LVC,D,20190129,000000,24.804,24.804,24.296,24.296,6559,0
LVC,D,20190130,000000,23.929,24.987,23.929,24.941,15147,0
LVC,D,20190131,000000,24.987,25.817,24.666,25.631,21227,0
LVC,D,20190201,000000,25.493,25.493,25.079,25.493,21403,0
LVC,D,20190204,000000,25.631,25.724,24.941,25.31,8425,0
LVC,D,20190205,000000,25.31,25.401,24.572,25.217,34388,0
LVC,D,20190206,000000,25.355,25.355,24.848,25.217,4630,0
LVC,D,20190207,000000,25.31,25.401,24.666,25.124,36599,0
LVC,D,20190208,000000,24.848,25.124,24.39,25.124,11468,0
LVC,D,20190211,000000,25.172,25.217,24.757,24.941,4530,0
LVC,D,20190212,000000,24.666,25.079,24.666,24.987,25542,0
LVC,D,20190213,000000,24.941,26.183,24.941,25.31,75748,0
LVC,D,20190214,000000,25.769,25.769,25.31,25.31,16001,0
LVC,D,20190215,000000,25.586,26.46,25.31,26.275,22469,0
LVC,D,20190218,000000,26.321,27.334,26.321,26.413,75981,0
LVC,D,20190219,000000,26.413,27.059,25.401,26.689,24189,0
LVC,D,20190220,000000,27.012,27.38,26.551,26.689,28660,0
LVC,D,20190221,000000,26.689,27.059,26.275,26.598,11652,0
LVC,D,20190222,000000,26.321,26.689,26.321,26.321,2910,0
LVC,D,20190225,000000,26.321,26.689,25.955,26.045,11922,0
LVC,D,20190226,000000,25.955,25.955,24.205,25.31,16267,0
LVC,D,20190227,000000,25.31,25.31,23.653,23.744,39274,0
LVC,D,20190228,000000,23.929,24.666,23.929,24.252,17618,0
LVC,D,20190301,000000,24.619,24.619,24.02,24.572,2174,0
LVC,D,20190304,000000,24.252,24.435,23.561,24.205,8908,0
LVC,D,20190305,000000,24.39,24.39,24.113,24.205,56923,0
LVC,D,20190306,000000,24.39,24.666,24.296,24.666,2170,0
LVC,D,20190307,000000,25.034,25.124,24.435,24.528,2953,0
LVC,D,20190308,000000,24.39,24.757,24.39,24.757,3167,0
LVC,D,20190311,000000,24.848,24.941,23.423,23.744,26283,0
LVC,D,20190312,000000,23.883,23.929,23.653,23.929,22418,0
LVC,D,20190313,000000,24.113,24.113,23.653,23.929,5747,0
LVC,D,20190314,000000,24.02,24.113,23.837,23.929,16229,0
LVC,D,20190315,000000,23.929,24.987,23.929,24.987,32650,0
LVC,D,20190318,000000,24.666,24.987,24.572,24.666,4434,0
LVC,D,20190319,000000,25.217,25.217,24.666,24.711,6794,0
LVC,D,20190320,000000,25.034,25.034,24.666,24.848,6541,0
LVC,D,20190321,000000,24.941,24.941,24.666,24.848,2665,0
LVC,D,20190322,000000,24.435,24.848,24.113,24.252,4346,0
LVC,D,20190325,000000,24.435,25.724,24.296,25.493,10701,0
LVC,D,20190326,000000,25.493,25.54,25.034,25.401,9182,0
LVC,D,20190327,000000,25.401,25.401,24.757,24.896,1918,0
LVC,D,20190328,000000,24.848,25.124,24.666,25.124,2323,0
LVC,D,20190329,000000,25.079,25.355,24.757,25.355,10092,0
LVC,D,20190401,000000,25.401,25.448,25.034,25.263,3168,0
LVC,D,20190402,000000,26.507,28.992,26.507,27.932,125917,0
LVC,D,20190403,000000,28.346,28.346,27.15,27.611,32794,0
LVC,D,20190404,000000,27.702,28.346,27.426,27.611,23404,0
LVC,D,20190405,000000,27.611,28.992,27.611,28.07,62095,0
LVC,D,20190408,000000,28.346,28.622,28.07,28.529,9154,0
LVC,D,20190409,000000,28.669,28.669,28.164,28.164,3550,0
LVC,D,20190410,000000,27.932,28.208,26.46,27.518,15956,0
LVC,D,20190411,000000,27.426,27.426,26.551,26.965,11469,0
LVC,D,20190412,000000,27.059,27.611,27.012,27.012,4834,0
LVC,D,20190415,000000,27.197,27.611,26.874,26.874,4749,0
LVC,D,20190416,000000,26.965,27.518,26.965,27.334,31341,0
LVC,D,20190417,000000,27.15,27.288,26.736,26.736,2550,0
LVC,D,20190418,000000,26.689,27.15,26.507,26.507,9944,0
LVC,D,20190423,000000,26.507,26.921,26.507,26.783,2462,0
LVC,D,20190424,000000,26.783,27.059,26.689,27.059,3243,0
LVC,D,20190425,000000,26.874,27.38,26.874,27.15,3792,0
LVC,D,20190426,000000,27.242,27.518,26.921,27.426,4564,0
LVC,D,20190429,000000,27.426,28.346,27.197,28.254,9293,0
LVC,D,20190430,000000,28.254,28.529,27.794,28.529,41060,0
LVC,D,20190502,000000,28.529,28.529,28.164,28.44,3028,0
LVC,D,20190506,000000,28.44,28.44,27.518,27.611,11693,0
LVC,D,20190507,000000,27.611,28.116,27.059,27.288,7240,0
LVC,D,20190508,000000,27.38,27.888,27.38,27.84,8105,0
LVC,D,20190509,000000,27.794,27.978,27.518,27.702,23488,0
LVC,D,20190510,000000,27.978,28.484,27.978,28.116,19526,0
LVC,D,20190513,000000,28.254,28.301,27.978,28.07,7538,0
LVC,D,20190514,000000,28.254,28.529,27.932,28.07,17479,0
LVC,D,20190515,000000,28.07,28.07,27.932,28.07,23135,0
LVC,D,20190516,000000,28.07,28.07,27.656,27.978,6727,0
LVC,D,20190517,000000,27.932,27.932,27.426,27.611,15481,0
LVC,D,20190520,000000,27.38,27.611,26.689,27.334,5419,0
LVC,D,20190521,000000,27.242,27.426,27.242,27.426,4841,0
LVC,D,20190522,000000,27.426,27.426,26.736,27.334,8775,0
LVC,D,20190523,000000,27.334,27.334,26.921,27.104,2977,0
LVC,D,20190524,000000,27.15,27.15,26.783,27.059,3412,0
LVC,D,20190527,000000,27.059,27.518,26.736,27.059,2833,0
LVC,D,20190528,000000,27.012,27.334,26.736,27.242,4373,0
LVC,D,20190529,000000,26.921,27.242,24.896,25.862,35478,0
LVC,D,20190530,000000,25.769,26.921,25.769,26.874,6872,0
LVC,D,20190531,000000,26.874,28.164,26.045,28.164,11722,0
LVC,D,20190603,000000,28.164,28.164,27.334,27.794,6314,0
LVC,D,20190604,000000,27.978,27.978,26.965,27.564,1714,0
LVC,D,20190605,000000,27.564,27.564,26.965,27.288,1434,0
LVC,D,20190606,000000,27.426,27.611,26.965,27.334,4312,0
LVC,D,20190607,000000,27.472,27.472,27.012,27.426,2704,0
LVC,D,20190610,000000,27.564,27.564,27.104,27.426,1751,0
LVC,D,20190611,000000,27.472,27.794,27.15,27.518,6908,0
LVC,D,20190612,000000,27.472,27.472,26.137,27.059,12086,0
LVC,D,20190613,000000,27.059,27.15,26.689,27.15,1288,0
LVC,D,20190614,000000,27.15,27.15,26.783,27.059,1672,0
LVC,D,20190617,000000,26.689,27.012,26.46,26.689,57727,0
LVC,D,20190618,000000,26.551,26.689,26.507,26.507,5062,0
LVC,D,20190619,000000,26.369,26.46,26,26,6670,0
LVC,D,20190621,000000,26.137,26.231,25.955,25.955,2765,0
LVC,D,20190624,000000,25.955,26.598,25.862,26.598,16337,0
LVC,D,20190625,000000,26.598,26.736,26.137,26.321,2877,0
LVC,D,20190626,000000,27.242,28.025,27.242,27.611,62445,0
LVC,D,20190627,000000,27.611,27.84,27.518,27.702,120082,0
LVC,D,20190628,000000,27.656,28.025,27.611,27.978,27137,0
LVC,D,20190701,000000,28.301,29.405,28.301,29.268,24399,0
LVC,D,20190702,000000,29.497,30.463,29.497,30.325,141204,0
LVC,D,20190703,000000,30.692,31.244,30.049,30.463,32095,0
LVC,D,20190704,000000,30.463,31.752,30.373,31.659,34494,0
LVC,D,20190705,000000,31.659,31.844,31.106,31.521,32753,0
LVC,D,20190708,000000,31.568,31.935,31.476,31.707,8004,0
LVC,D,20190709,000000,31.844,32.304,31.752,31.983,241164,0
LVC,D,20190710,000000,32.028,32.028,30.554,31.431,6960,0
LVC,D,20190711,000000,31.707,31.707,31.106,31.476,3249,0
LVC,D,20190712,000000,31.613,32.074,31.292,32.074,15091,0
LVC,D,20190715,000000,32.028,32.671,31.752,32.165,27859,0
LVC,D,20190716,000000,32.442,32.442,31.752,31.752,76404,0
LVC,D,20190717,000000,31.752,31.752,30.692,31.2,226583,0
LVC,D,20190718,000000,31.244,31.568,30.968,31.155,8063,0
LVC,D,20190719,000000,31.2,31.292,31.155,31.2,20857,0
LVC,D,20190722,000000,31.2,31.292,31.155,31.292,4958,0
LVC,D,20190723,000000,31.292,31.292,30.879,30.924,3590,0
LVC,D,20190724,000000,30.83,30.879,29.635,30.463,15483,0
LVC,D,20190725,000000,31.165,31.165,30.604,30.885,5164,0
LVC,D,20190726,000000,30.885,30.977,30.696,30.791,11666,0
LVC,D,20190729,000000,30.885,31.634,30.885,31.258,15736,0
LVC,D,20190730,000000,31.025,31.258,30.744,30.885,10730,0
LVC,D,20190731,000000,30.931,31.165,30.744,30.885,23000,0
LVC,D,20190801,000000,31.212,31.212,30.791,30.931,47334,0
LVC,D,20190802,000000,31.867,34.348,31.867,34.348,348030,0
LVC,D,20190805,000000,34.815,35.283,33.412,33.692,42141,0
LVC,D,20190806,000000,33.317,33.692,32.85,32.85,21251,0
LVC,D,20190807,000000,32.943,33.692,32.803,32.943,29012,0
LVC,D,20190808,000000,33.365,33.598,33.224,33.224,9423,0
LVC,D,20190809,000000,33.552,34.488,33.177,33.317,24483,0
LVC,D,20190812,000000,33.692,34.207,33.271,33.552,10020,0
LVC,D,20190813,000000,33.936,34.941,33.936,34.894,18595,0
LVC,D,20190814,000000,34.99,35.421,34.511,35.421,358537,0
LVC,D,20190816,000000,35.277,36.379,35.277,36.379,25988,0
LVC,D,20190819,000000,36.522,37.482,36.428,37.004,17946,0
LVC,D,20190820,000000,36.379,36.907,35.948,36.379,7372,0
LVC,D,20190821,000000,36.14,36.907,36.14,36.476,7412,0
LVC,D,20190822,000000,36.86,36.86,36.476,36.62,4308,0
LVC,D,20190823,000000,36.81,37.865,36.81,37.386,47514,0
LVC,D,20190826,000000,37.098,37.386,36.62,37.148,8845,0
LVC,D,20190827,000000,36.907,37.051,36.188,36.428,42841,0
LVC,D,20190828,000000,36.907,37.338,36.428,37.194,58588,0
LVC,D,20190829,000000,35.852,35.948,34.511,35.085,35115,0
LVC,D,20190830,000000,35.517,35.9,34.894,34.99,9993,0
LVC,D,20190902,000000,34.99,35.757,34.606,34.702,13912,0
LVC,D,20190903,000000,34.702,34.702,33.696,33.84,14814,0
LVC,D,20190904,000000,33.552,34.894,32.114,34.894,24651,0
LVC,D,20190905,000000,34.99,35.181,34.511,35.038,6976,0
LVC,D,20190906,000000,35.181,35.565,34.606,35.421,14032,0
LVC,D,20190909,000000,35.373,35.757,35.181,35.469,10262,0
LVC,D,20190910,000000,35.9,35.9,35.277,35.469,14659,0
LVC,D,20190911,000000,35.565,35.565,33.792,34.99,5210,0
LVC,D,20190912,000000,34.941,34.99,34.03,34.511,4534,0
LVC,D,20190913,000000,34.08,35.469,34.08,34.127,7412,0
LVC,D,20190916,000000,34.511,34.702,34.03,34.511,16712,0
LVC,D,20190917,000000,34.271,34.511,34.08,34.462,4315,0
LVC,D,20190918,000000,34.462,34.511,34.174,34.224,4742,0
LVC,D,20190919,000000,34.224,35.133,34.03,35.133,8562,0
LVC,D,20190920,000000,35.038,35.421,34.318,34.606,11887,0
LVC,D,20190923,000000,34.846,35.181,34.654,34.797,3306,0
LVC,D,20190924,000000,34.894,35.373,34.894,35.085,4057,0
LVC,D,20190925,000000,35.373,35.421,34.846,34.894,4102,0
LVC,D,20190926,000000,35.181,35.373,34.894,35.373,42867,0
LVC,D,20190927,000000,35.373,36.62,35.229,35.229,32039,0
LVC,D,20190930,000000,34.03,35.038,33.648,34.654,46002,0
LVC,D,20191001,000000,34.606,35.229,34.606,35.181,5261,0
LVC,D,20191002,000000,33.36,33.936,32.114,33.504,30161,0
LVC,D,20191003,000000,32.641,33.36,32.305,32.497,24545,0
LVC,D,20191004,000000,32.497,33.36,32.497,32.977,21075,0
LVC,D,20191007,000000,33.36,33.36,32.593,32.593,21809,0
LVC,D,20191008,000000,32.593,32.784,32.305,32.784,11269,0
LVC,D,20191009,000000,32.737,32.737,32.114,32.449,3667,0
LVC,D,20191010,000000,32.593,32.593,32.401,32.449,2650,0
LVC,D,20191011,000000,32.497,33.169,32.401,33.025,9383,0
LVC,D,20191014,000000,32.641,33.84,32.641,33.504,3295,0
LVC,D,20191015,000000,33.552,33.552,32.977,32.977,3731,0
LVC,D,20191016,000000,32.977,33.552,32.689,33.552,14873,0
LVC,D,20191017,000000,33.648,33.936,32.833,33.936,9490,0
LVC,D,20191018,000000,33.936,34.03,33.169,33.983,7156,0
LVC,D,20191021,000000,33.983,34.224,33.599,34.03,6116,0
LVC,D,20191022,000000,34.318,34.318,33.169,34.127,10938,0
LVC,D,20191023,000000,35.373,35.373,34.224,34.318,12772,0
LVC,D,20191024,000000,35.038,36.188,34.368,35.469,61404,0
LVC,D,20191025,000000,35.469,35.709,35.085,35.709,10061,0
LVC,D,20191028,000000,35.948,36.044,34.271,35.133,15982,0
LVC,D,20191029,000000,35.181,36.62,35.085,36.62,32484,0
LVC,D,20191030,000000,36.428,36.428,35.852,36.428,8973,0
LVC,D,20191031,000000,35.948,36.572,35.948,36.332,8819,0
LVC,D,20191104,000000,36.428,36.428,35.469,35.565,11880,0
LVC,D,20191105,000000,35.469,35.517,34.654,34.797,5560,0
LVC,D,20191106,000000,34.797,34.846,34.224,34.511,15173,0
LVC,D,20191107,000000,34.511,35.038,34.511,34.894,2733,0
LVC,D,20191108,000000,34.99,35.373,34.894,35.181,14259,0
LVC,D,20191112,000000,35.469,35.517,34.941,34.99,5625,0
LVC,D,20191113,000000,35.421,35.421,34.606,34.654,2001,0
LVC,D,20191114,000000,34.894,35.277,34.654,34.99,14107,0
LVC,D,20191115,000000,35.325,35.325,34.894,35.085,47154,0
LVC,D,20191118,000000,35.181,35.948,34.702,35.661,5913,0
LVC,D,20191119,000000,35.469,35.469,34.654,35.469,5194,0
LVC,D,20191120,000000,35.757,35.757,33.072,34.559,16089,0
LVC,D,20191121,000000,34.559,34.99,34.127,34.99,5353,0
LVC,D,20191122,000000,34.99,35.325,34.99,35.325,3065,0
LVC,D,20191125,000000,34.99,35.709,34.654,35.469,8059,0
LVC,D,20191126,000000,35.469,35.852,35.469,35.709,8125,0
LVC,D,20191127,000000,35.852,35.852,35.469,35.469,4272,0
LVC,D,20191128,000000,35.948,37.577,35.757,37.577,100428,0
LVC,D,20191129,000000,37.674,38.537,37.674,38.44,32148,0
LVC,D,20191202,000000,38.345,39.302,37.386,38.728,18855,0
LVC,D,20191203,000000,38.249,38.824,38.249,38.824,21633,0
LVC,D,20191204,000000,38.824,39.4,37.482,39.016,38280,0
LVC,D,20191205,000000,39.16,39.208,38.633,39.16,14011,0
LVC,D,20191206,000000,39.256,39.256,38.728,38.824,12059,0
LVC,D,20191209,000000,39.016,39.064,38.537,38.824,4563,0
LVC,D,20191210,000000,38.824,39.016,38.824,38.824,2495,0
LVC,D,20191211,000000,38.345,39.112,38.345,38.824,34450,0
LVC,D,20191212,000000,39.016,39.064,38.489,38.92,13375,0
LVC,D,20191213,000000,39.208,39.784,38.824,39.302,4894,0
LVC,D,20191216,000000,39.302,40.166,39.302,39.496,7525,0
LVC,D,20191217,000000,39.496,41.22,39.496,41.125,14885,0
LVC,D,20191218,000000,41.22,41.22,40.501,40.501,5192,0
LVC,D,20191219,000000,40.501,40.742,39.446,39.496,4219,0
LVC,D,20191220,000000,39.974,40.262,38.968,39.112,90128,0
LVC,D,20191223,000000,39.112,40.262,39.016,40.214,27506,0
LVC,D,20191227,000000,40.214,42.179,40.214,41.7,17058,0
LVC,D,20191230,000000,42.575,42.575,41.02,42.089,45666,0
LVC,D,20200102,000000,41.409,42.234,41.213,41.797,6658,0
LVC,D,20200103,000000,42.04,42.283,40.34,40.728,12073,0
LVC,D,20200107,000000,41.409,42.186,39.853,42.089,9677,0
LVC,D,20200108,000000,41.7,42.089,41.311,41.943,2603,0
LVC,D,20200109,000000,42.283,42.283,41.311,41.603,4545,0
LVC,D,20200110,000000,41.7,42.283,41.7,42.04,4738,0
LVC,D,20200113,000000,42.089,42.137,41.311,41.992,6550,0
LVC,D,20200114,000000,41.992,41.992,41.7,41.895,4604,0
LVC,D,20200115,000000,41.992,41.992,40.825,40.825,10616,0
LVC,D,20200116,000000,41.797,44.617,41.359,44.033,67159,0
LVC,D,20200117,000000,44.033,44.713,43.741,44.617,74559,0
LVC,D,20200120,000000,44.665,45.394,44.617,45.394,24733,0
LVC,D,20200121,000000,45.394,45.588,45.199,45.394,44107,0
LVC,D,20200122,000000,45.394,45.782,44.908,45.588,24852,0
LVC,D,20200123,000000,45.782,46.61,45.685,46.026,78078,0
LVC,D,20200124,000000,46.026,46.464,45.685,46.172,10677,0
LVC,D,20200127,000000,46.657,46.657,43.936,46.026,46511,0
LVC,D,20200128,000000,45.782,46.026,44.227,46.026,9093,0
LVC,D,20200129,000000,46.026,46.172,45.637,45.685,69366,0
LVC,D,20200130,000000,46.172,46.172,44.762,45.977,7027,0
LVC,D,20200131,000000,45.685,45.685,44.713,45.637,5359,0
LVC,D,20200203,000000,44.81,45.54,44.81,44.859,11570,0
LVC,D,20200204,000000,44.859,45.588,44.859,45.588,7631,0
LVC,D,20200205,000000,45.54,45.637,44.956,45.442,31405,0
LVC,D,20200206,000000,45.637,45.637,44.617,44.762,25169,0
LVC,D,20200207,000000,45.102,45.102,44.129,44.227,14081,0
LVC,D,20200210,000000,44.227,44.713,44.227,44.713,30253,0
LVC,D,20200211,000000,44.762,45.102,44.617,45.102,6527,0
LVC,D,20200212,000000,45.199,45.88,45.054,45.88,9756,0
LVC,D,20200213,000000,46.172,46.172,45.442,45.685,2122,0
LVC,D,20200214,000000,45.685,45.685,45.102,45.685,7761,0
LVC,D,20200217,000000,45.88,46.268,45.782,45.88,5097,0
LVC,D,20200218,000000,45.88,45.88,45.296,45.685,2951,0
LVC,D,20200219,000000,45.88,45.88,45.199,45.685,29725,0
LVC,D,20200220,000000,45.685,46.172,44.908,44.908,23735,0
LVC,D,20200221,000000,45.199,45.199,43.158,44.227,29627,0
LVC,D,20200224,000000,43.887,44.227,41.02,42.089,59206,0
LVC,D,20200225,000000,41.797,43.256,41.797,43.256,38052,0
LVC,D,20200226,000000,43.256,45.685,42.283,44.275,30228,0
LVC,D,20200227,000000,43.741,43.741,39.367,42.089,68312,0
LVC,D,20200228,000000,38.589,42.089,37.617,42.089,161133,0
LVC,D,20200302,000000,42.089,42.964,40.436,41.797,33066,0
LVC,D,20200303,000000,42.283,43.644,40.825,43.644,23329,0
LVC,D,20200304,000000,42.769,43.158,42.332,42.624,70789,0
LVC,D,20200305,000000,43.595,43.741,42.478,42.769,63086,0
LVC,D,20200306,000000,42.672,42.672,40.34,42.672,183530,0
LVC,D,20200309,000000,39.853,40.679,38.784,39.416,74331,0
LVC,D,20200310,000000,39.416,40.29,36.936,37.18,33032,0
LVC,D,20200311,000000,37.18,37.52,32.66,36.936,57532,0
LVC,D,20200312,000000,34.118,35.382,32.077,33.049,167474,0
LVC,D,20200313,000000,35.09,36.889,34.118,35.965,42206,0
LVC,D,20200316,000000,33.827,35.965,32.951,35.965,44290,0
LVC,D,20200317,000000,36.209,38.298,35.577,37.278,74507,0
LVC,D,20200318,000000,37.278,38.929,36.986,37.471,101711,0
LVC,D,20200319,000000,37.86,41.603,37.424,41.603,83862,0
LVC,D,20200320,000000,42.089,43.548,41.603,41.797,162599,0
LVC,D,20200323,000000,40.825,40.825,38.979,39.125,20643,0
LVC,D,20200324,000000,39.756,40.825,39.318,39.853,46963,0
LVC,D,20200325,000000,40.825,41.311,38.589,39.464,200511,0
LVC,D,20200326,000000,38.881,40.194,38.881,40.048,49637,0
LVC,D,20200327,000000,40.533,41.651,39.853,41.311,114451,0
LVC,D,20200330,000000,41.311,41.797,40.241,41.311,71321,0
LVC,D,20200331,000000,41.311,42.089,40.679,40.971,58054,0
LVC,D,20200401,000000,40.971,41.603,40.825,41.263,24249,0
LVC,D,20200402,000000,41.311,41.555,41.165,41.555,106330,0
LVC,D,20200403,000000,42.186,42.964,41.505,42.721,25200,0
LVC,D,20200406,000000,42.721,44.421,42.721,44.421,182796,0
LVC,D,20200407,000000,44.713,46.172,42.332,43.741,36740,0
LVC,D,20200408,000000,43.79,45.588,43.402,45.588,58086,0
LVC,D,20200409,000000,45.588,45.588,44.129,44.519,11519,0
LVC,D,20200414,000000,44.227,44.519,43.693,44.227,45140,0
LVC,D,20200415,000000,44.325,47.095,44.325,45.782,112141,0
LVC,D,20200416,000000,46.61,54.239,46.61,52.781,282431,0
LVC,D,20200417,000000,53.461,54.822,52.781,52.976,110018,0
LVC,D,20200420,000000,53.461,53.461,50.934,52.004,54847,0
LVC,D,20200421,000000,52.684,52.684,50.35,52.295,148601,0
LVC,D,20200422,000000,51.614,52.489,50.449,50.642,79112,0
LVC,D,20200423,000000,51.032,52.489,49.38,52.489,69475,0
LVC,D,20200424,000000,51.226,52.392,50.254,50.934,67565,0
LVC,D,20200427,000000,51.226,54.142,51.032,53.85,107471,0
LVC,D,20200428,000000,53.85,55.891,53.461,55.405,91462,0
LVC,D,20200429,000000,55.794,57.155,54.434,56.961,47607,0
LVC,D,20200430,000000,57.058,57.835,55.794,57.835,50710,0
LVC,D,20200504,000000,57.544,57.544,55.405,56.378,75798,0
LVC,D,20200505,000000,56.281,57.35,55.697,56.378,40331,0
LVC,D,20200506,000000,56.573,57.155,55.6,57.155,63125,0
LVC,D,20200507,000000,57.155,57.544,56.378,57.544,61051,0
LVC,D,20200508,000000,58.127,61.141,58.127,60.169,179205,0
LVC,D,20200511,000000,60.169,62.015,59.39,61.821,40127,0
LVC,D,20200512,000000,61.821,63.085,61.432,63.085,38642,0
LVC,D,20200513,000000,62.89,62.89,62.015,62.21,23966,0
LVC,D,20200514,000000,61.238,61.724,56.669,59.197,65392,0
LVC,D,20200515,000000,60.266,61.432,59.586,61.432,15964,0
LVC,D,20200518,000000,61.627,62.89,61.141,61.335,52639,0
LVC,D,20200519,000000,61.918,61.918,60.363,61.238,42592,0
LVC,D,20200520,000000,61.238,61.238,60.071,60.266,37708,0
LVC,D,20200521,000000,60.751,62.113,60.363,60.558,22648,0
LVC,D,20200522,000000,59.877,61.043,59.78,61.043,5880,0
LVC,D,20200525,000000,61.043,66.292,61.043,66.098,51170,0
LVC,D,20200526,000000,66.001,66.001,64.445,65.126,41052,0
LVC,D,20200527,000000,65.126,65.126,59.877,60.071,93393,0
LVC,D,20200528,000000,61.335,62.015,59.39,60.46,44803,0
LVC,D,20200529,000000,60.946,60.946,59.682,59.78,50563,0
LVC,D,20200601,000000,59.586,60.46,59.099,59.294,14396,0
LVC,D,20200602,000000,58.807,59.294,57.155,57.835,87645,0
LVC,D,20200603,000000,59.002,59.002,55.6,56.863,82073,0
LVC,D,20200604,000000,56.474,56.573,55.211,55.794,44161,0
LVC,D,20200605,000000,58.321,60.169,57.544,58.03,110047,0
LVC,D,20200608,000000,58.321,59.099,57.058,57.835,33412,0
LVC,D,20200609,000000,58.419,61.627,57.35,60.751,36867,0
LVC,D,20200610,000000,60.751,62.015,59.39,61.238,12771,0
LVC,D,20200612,000000,58.613,60.655,56.573,60.071,30951,0
LVC,D,20200615,000000,59.489,61.238,59.002,60.071,14489,0
LVC,D,20200616,000000,60.266,61.724,60.169,61.238,19472,0
LVC,D,20200617,000000,61.141,62.598,61.141,61.918,16363,0
LVC,D,20200618,000000,62.598,62.598,60.946,61.918,7465,0
LVC,D,20200619,000000,61.238,61.238,60.46,61.238,21403,0
LVC,D,20200622,000000,61.918,63.862,61.335,62.21,12881,0
LVC,D,20200623,000000,62.21,62.89,61.335,62.502,36340,0
LVC,D,20200624,000000,62.502,63.085,60.751,60.751,11581,0
LVC,D,20200625,000000,61.724,63.571,60.363,61.335,46956,0
LVC,D,20200626,000000,61.238,62.696,61.043,61.432,9114,0
LVC,D,20200629,000000,62.113,63.085,60.751,62.696,14614,0
LVC,D,20200630,000000,62.793,62.987,60.46,61.821,23183,0
LVC,D,20200701,000000,65.126,67.848,65.126,67.459,108753,0
LVC,D,20200702,000000,68.43,70.958,68.139,70.278,100837,0
LVC,D,20200703,000000,70.86,72.416,69.111,70.375,40215,0
LVC,D,20200706,000000,70.958,77.276,70.958,74.944,120059,0
LVC,D,20200707,000000,75.235,76.207,72.999,73.875,67701,0
LVC,D,20200708,000000,75.041,76.888,74.166,75.819,19260,0
LVC,D,20200709,000000,76.692,76.791,72.903,73.388,49934,0
LVC,D,20200710,000000,72.416,74.749,70.764,73.972,12007,0
LVC,D,20200713,000000,74.068,75.235,73.484,73.875,53300,0
LVC,D,20200714,000000,74.36,74.846,72.027,72.999,16112,0
LVC,D,20200715,000000,72.805,75.332,72.513,74.166,39453,0
LVC,D,20200716,000000,79.9,86.997,79.22,82.623,106049,0
LVC,D,20200717,000000,82.623,84.566,82.136,82.816,18083,0
LVC,D,20200720,000000,83.593,84.373,79.22,82.234,19140,0
LVC,D,20200721,000000,82.623,84.566,81.359,81.359,17210,0
LVC,D,20200722,000000,81.359,82.234,79.998,80.678,29411,0
LVC,D,20200723,000000,80.678,84.275,79.9,82.623,17187,0
LVC,D,20200724,000000,82.623,84.081,82.623,84.081,22189,0
LVC,D,20200727,000000,84.177,84.275,82.816,83.108,27774,0
LVC,D,20200728,000000,83.012,83.304,82.136,83.108,25008,0
LVC,D,20200729,000000,83.402,90.254,83.206,87.905,33355,0
LVC,D,20200730,000000,87.905,88.101,83.794,85.654,64567,0
LVC,D,20200731,000000,85.654,87.122,83.206,86.534,50816,0
LVC,D,20200803,000000,86.828,87.513,85.164,87.024,26131,0
LVC,D,20200804,000000,87.905,88.101,86.633,87.416,10789,0
LVC,D,20200805,000000,88.101,91.821,87.122,91.821,37042,0
LVC,D,20200806,000000,92.702,92.702,89.961,90.548,19061,0
LVC,D,20200807,000000,91.038,97.694,91.038,97.302,38049,0
LVC,D,20200810,000000,97.89,100.63,92.114,93.582,61124,0
LVC,D,20200811,000000,94.464,95.834,91.136,92.505,16058,0
LVC,D,20200812,000000,92.016,92.996,84.968,90.842,52944,0
LVC,D,20200813,000000,91.527,97.009,91.527,95.834,16151,0
LVC,D,20200814,000000,94.953,96.128,93.485,93.485,43619,0
LVC,D,20200817,000000,96.715,97.89,94.268,95.932,10803,0
LVC,D,20200818,000000,96.911,96.911,94.17,96.128,36184,0
LVC,D,20200819,000000,96.715,97.401,96.03,96.911,34926,0
LVC,D,20200820,000000,96.715,96.715,94.17,94.855,42224,0
LVC,D,20200821,000000,94.855,94.855,91.722,92.604,16706,0
LVC,D,20200824,000000,94.291,94.291,93.1,94.291,8770,0
LVC,D,20200825,000000,95.284,95.383,93.001,95.284,15355,0
LVC,D,20200826,000000,95.581,95.581,90.718,92.504,18871,0
LVC,D,20200827,000000,92.504,94.291,90.023,94.192,9215,0
LVC,D,20200828,000000,94.291,94.291,92.405,92.405,5109,0
LVC,D,20200831,000000,90.222,91.313,86.549,90.321,34018,0
LVC,D,20200901,000000,89.328,91.81,88.336,88.931,19970,0
LVC,D,20200902,000000,87.343,94.291,82.877,93.299,41993,0
LVC,D,20200903,000000,93.299,94.291,90.519,92.306,32776,0
LVC,D,20200904,000000,89.328,92.306,89.328,90.718,12049,0
LVC,D,20200907,000000,90.321,92.604,84.465,88.237,18794,0
LVC,D,20200908,000000,88.237,88.237,79.601,87.046,54113,0
LVC,D,20200909,000000,84.366,90.321,83.572,90.023,27223,0
LVC,D,20200910,000000,89.527,91.016,87.84,90.122,13183,0
LVC,D,20200911,000000,89.825,90.321,87.74,87.74,9340,0
LVC,D,20200914,000000,87.74,87.74,85.457,85.457,14436,0
LVC,D,20200915,000000,85.854,86.946,83.969,85.557,39456,0
LVC,D,20200916,000000,84.366,86.351,84.366,86.053,5464,0
LVC,D,20200917,000000,86.351,88.038,84.862,87.84,11928,0
LVC,D,20200918,000000,86.649,91.214,86.649,91.016,19706,0
LVC,D,20200921,000000,91.313,94.291,87.343,93.795,42016,0
LVC,D,20200922,000000,93.398,94.093,91.016,93.299,52172,0
LVC,D,20200923,000000,92.405,93.596,90.519,91.016,46408,0
LVC,D,20200924,000000,90.817,92.604,90.42,92.604,22333,0
LVC,D,20200925,000000,90.42,94.986,90.42,92.604,10582,0
LVC,D,20200928,000000,92.703,93.993,90.817,91.313,9084,0
LVC,D,20200929,000000,91.81,92.703,89.328,89.626,7749,0
LVC,D,20200930,000000,88.832,90.222,85.954,90.222,10022,0
LVC,D,20201001,000000,91.313,91.313,88.733,90.122,27997,0
LVC,D,20201002,000000,90.222,93.993,89.229,93.795,14245,0
LVC,D,20201005,000000,93.795,97.765,93.795,97.765,14889,0
LVC,D,20201006,000000,98.261,98.559,94.291,95.284,13434,0
LVC,D,20201007,000000,93.894,97.07,92.306,97.07,10946,0
LVC,D,20201008,000000,97.07,97.07,95.284,95.681,28519,0
LVC,D,20201009,000000,95.879,95.879,93.299,94.192,4506,0
LVC,D,20201012,000000,95.383,95.383,92.604,93.299,10156,0
LVC,D,20201013,000000,94.291,94.688,92.802,93.299,15090,0
LVC,D,20201014,000000,93.795,103.03,93.299,102.23,106946,0
LVC,D,20201015,000000,102.03,106,97.765,100.05,93012,0
LVC,D,20201016,000000,102.23,116.13,102.23,110.17,96753,0
LVC,D,20201019,000000,112.16,114.14,109.18,112.16,72977,0
LVC,D,20201020,000000,112.16,112.55,110.77,110.77,36314,0
LVC,D,20201021,000000,111.16,111.16,104.02,104.41,31392,0
LVC,D,20201022,000000,102.83,107.99,102.23,107.19,100113,0
LVC,D,20201023,000000,99.254,103.82,96.574,99.254,105933,0
LVC,D,20201026,000000,98.857,103.03,98.857,103.03,51330,0
LVC,D,20201027,000000,105.21,105.21,101.83,103.22,41717,0
LVC,D,20201028,000000,105.21,105.41,94.887,95.383,45842,0
LVC,D,20201029,000000,95.383,100.05,95.284,98.658,21324,0
LVC,D,20201030,000000,96.673,97.467,93.993,94.688,25270,0
LVC,D,20201102,000000,95.383,97.765,95.383,97.666,36329,0
LVC,D,20201103,000000,98.261,99.154,97.467,97.864,14529,0
LVC,D,20201104,000000,98.559,98.956,97.666,98.261,16750,0
LVC,D,20201105,000000,98.757,99.85,95.879,99.154,33582,0
LVC,D,20201106,000000,99.254,99.254,96.574,97.368,21193,0
LVC,D,20201109,000000,98.559,104.22,89.725,95.184,87568,0
LVC,D,20201110,000000,95.184,95.284,88.832,90.42,80240,0
LVC,D,20201112,000000,92.008,96.971,91.313,94.291,51462,0
LVC,D,20201113,000000,95.184,96.078,94.589,95.383,19430,0
LVC,D,20201116,000000,95.78,98.261,92.703,98.162,43660,0
LVC,D,20201117,000000,95.78,96.772,93.894,94.787,16367,0
LVC,D,20201118,000000,93.795,95.78,92.703,92.802,16965,0
LVC,D,20201119,000000,92.107,94.093,91.81,93.299,36220,0
LVC,D,20201120,000000,93.299,94.787,93.1,93.299,81813,0
LVC,D,20201123,000000,94.093,97.169,94.093,94.589,12916,0
LVC,D,20201124,000000,94.589,94.589,92.306,93.001,15541,0
LVC,D,20201125,000000,93.001,93.894,90.519,91.313,38957,0
LVC,D,20201126,000000,91.313,92.008,89.527,90.321,88296,0
LVC,D,20201127,000000,90.321,94.291,89.825,93.299,41436,0
LVC,D,20201130,000000,93.299,94.986,93.299,94.787,34779,0
LVC,D,20201201,000000,94.787,96.177,94.291,95.482,17833,0
LVC,D,20201202,000000,96.177,96.276,95.284,95.284,26904,0
LVC,D,20201203,000000,95.284,97.269,95.284,96.276,23444,0
LVC,D,20201204,000000,96.772,96.772,95.78,96.276,16303,0
LVC,D,20201207,000000,96.276,98.857,94.093,97.368,31337,0
LVC,D,20201208,000000,98.46,98.46,97.269,98.063,6652,0
LVC,D,20201209,000000,98.658,98.757,97.169,97.666,153506,0
LVC,D,20201210,000000,97.666,97.963,95.978,96.574,114325,0
LVC,D,20201211,000000,96.574,98.559,96.078,97.765,15031,0
LVC,D,20201214,000000,96.772,97.368,96.177,96.375,40543,0
LVC,D,20201215,000000,96.673,97.269,96.375,97.269,34582,0
LVC,D,20201216,000000,96.276,100.64,96.276,100.25,36677,0
LVC,D,20201217,000000,101.24,102.03,99.254,100.25,12686,0
LVC,D,20201218,000000,99.055,101.24,99.055,101.24,20001,0
LVC,D,20201221,000000,101.24,101.24,99.452,100.84,25027,0
LVC,D,20201222,000000,100.64,101.44,99.85,99.85,7095,0
LVC,D,20201223,000000,100.05,103.03,100.05,101.24,7027,0
LVC,D,20201228,000000,102.23,105.41,101.83,103.22,21126,0
LVC,D,20201229,000000,104.22,107.59,103.82,106.4,22353,0
LVC,D,20201230,000000,107.2,107.2,104.2,105,8537,0
LVC,D,20210104,000000,106.6,108,105.2,106,21193,0
LVC,D,20210105,000000,105.2,105.8,102.6,104,11912,0
LVC,D,20210107,000000,104,104.6,103,104,54985,0
LVC,D,20210108,000000,104.8,105.6,103.8,104.8,38578,0
LVC,D,20210111,000000,104.8,108.4,104,105.6,21111,0
LVC,D,20210112,000000,108.8,108.8,105.2,105.4,13759,0
LVC,D,20210113,000000,105.4,106.6,101.6,101.8,13675,0
LVC,D,20210114,000000,102.6,105.6,100.2,101.8,29111,0
LVC,D,20210115,000000,103,104.8,101.4,102.2,7123,0
LVC,D,20210118,000000,107,108.2,105,107,52202,0
LVC,D,20210119,000000,107.6,108,106.8,108,50415,0
LVC,D,20210120,000000,108.8,109,105,107.8,18069,0
LVC,D,20210121,000000,108,108,105.4,106.8,11877,0
LVC,D,20210122,000000,106.8,107.4,106.2,107.4,4164,0
LVC,D,20210125,000000,107.8,107.8,104,104,6807,0
LVC,D,20210126,000000,106,106.6,103.2,106.2,33169,0
LVC,D,20210127,000000,106.2,107.4,105.6,106,12441,0
LVC,D,20210128,000000,105.8,107,104.2,107,13922,0
LVC,D,20210129,000000,107,113.6,105,112,43277,0
LVC,D,20210201,000000,113.2,113.4,108,108.2,31561,0
LVC,D,20210202,000000,109,111.6,109,110.8,32409,0
LVC,D,20210203,000000,111,111.8,110.6,111.8,50224,0
LVC,D,20210204,000000,112,119.4,111,118.8,27181,0
LVC,D,20210205,000000,116,120,115.4,119,58744,0
